100
2 1
500 300
900
660
2 1
500 300
1500
809
2 2
50 100
450 449
1100 1101
2 1
500 300
300
500
1 8
10
11 13 17 11 16 14 12 18
1 7
9
9 9 9 9 9 99 9
2 3
218199 229329
754397 860877 857326
398148 647310 740428
2 7
8 7
14898 13600 12240 13382 14000 13346 12821
13090 11853 11432 11249 11900 13018 12809
1 8
2
1176 1320 1125 1155 1320 1200 1317 1235
1 5
1
2274 2011 1890 2104 1938
2 5
10 9
5219 3600 1000 1988 2736
1732 4546 900 2619 3960
2 5
871817 609649
728562 592587 770352 933141 909658
948526 650031 710952 985712 889495
2 3
166903 650946
731000 877546 456774
762409 53540 877833
1 6
9
2618 5249 837 4050 3849 1800
2 8
4 3
5603 5400 5400 6120 6159 6000 5792 6139
4947 4950 4500 4950 4881 4157 4482 4191
1 5
235412
890597 675724 821398 999864 877680
1 3
1000000
899999 900001 900000
2 3
9 2
20782 16200 20282
4424 4701 4400
1 5
9
10699 11830 11727 12870 11368
2 4
9 9
2500 1759 934 3600
1675 950 2476 3600
2 4
3 3
22 12 33 24
12 27 26 24
2 5
422016 19000
591475 896053 665728 994477 827196
915918 908008 999077 759718 650752
2 8
10 5
7607 23000 23810 11052 21717 20918 16200 15300
9286 4227 9350 5831 11500 10966 11893 9900
1 3
10
110 40 82
2 4
2 3
4432 4353 3958 3780
6861 6773 5995 6930
1 8
8
61 72 64 38 88 25 56 8
2 8
1 1
1000000 999999 999998 999997 999996 999995 999994 999993
999992 999991 999990 999989 999988 999987 999986 999985
1 2
6
13 12
1 7
1
9 9 6 6 1 2 7
2 7
7 10
8835 4639 16940 16266 7363 13300 3150
5500 24487 7007 19000 10578 19800 12853
2 8
8 4
12727 10817 833 18400 14400 7899 1616 13148
867 3722 362 6269 6088 8800 6301 9200
2 8
6 10
15000 3580 1869 1166 1620 13536 2743 12505
19678 25000 3300 1845 4753 21048 3084 5638
2 7
6 7
9311 9096 8100 9000 8681 9000 8100
9529 9603 11550 11550 10500 10500 10560
1 7
4
2815 4977 2400 4028 6037 2200 1441
2 4
39475 1408
910531 985887 720442 669066
962058 651536 986075 132385
2 8
4 1
2939 3080 2835 2800 2800 2765 2630 2975
700 770 639 705 630 700 767 676
2 2
4 3
8676 9866
7667 7953
2 8
5 3
6050 5515 5868 5707 5283 6050 5960 5531
3511 3047 3442 3099 3309 3354 2970 2970
2 3
9 1
2869 5881 18000
703 314 2000
2 8
1 8
1993 2030 2420 2200 2193 1980 2200 2316
19239 18507 17600 16798 16909 19360 15840 17600
1 8
6
2574 660 1200 3960 1744 2701 4444 4200
2 6
662158 20310
961014 913671 807339 780907 134207 960829
733192 936317 846609 986443 861161 755649
1 4
7
13860 12600 13343 12692
1 3
5
11000 10705 10000
2 8
4 3
15 36 16 44 25 16 8 8
19 11 6 12 27 33 6 12
2 2
8 1
1720 720
207 110
2 2
10 6
22590 24555
16566 14771
1 7
4
1191 2069 2400 3080 1567 720 400
2 5
10 3
8465 17000 5780 24953 9000
5100 7385 2511 3300 1664
2 8
10 5
60 9 110 110 27 31 30 10
32 5 16 15 5 15 45 45
2 2
1 6
907 881
5165 5452
2 2
3 6
2122 2304
4514 4445
2 8
4 1
8042 8681 9240 8839 8400 8347 8400 7742
2296 2099 2273 1890 1999 2100 1996 2100
1 8
7
16940 16635 14010 13860 15400 15960 15400 16268
2 8
2 8
5083 1664 2200 368 2813 3080 4600 1600
10080 12182 6400 1598 19546 7128 7200 18400
2 8
4 3
1503 1477 1604 1562 1551 1776 1476 1616
1262 1353 1203 1186 1212 1173 1148 1084
2 8
6 4
6 6 6 6 66 6 6 6
4 4 4 36 4 4 4 4
2 8
8 1
880 5719 1750 5280 3942 6400 2981 2400
548 540 90 736 300 800 206 377
2 2
6 5
637 656
534 502
2 3
139983 182938
798185 981071 892154
960240 808883 570251
1 4
6
66 6 12 6
2 8
7380 91294
814906 681739 297923 785166 888049 967346 874372 802495
984014 244906 952169 979820 670581 457164 328288 867786
1 5
10
10 90 88 77 10
1 6
9
4050 17209 6571 18387 15468 900
2 7
2 2
9 11 6 22 16 11 22
16 9 6 11 18 18 11
2 8
195759 678865
926964 900515 611229 698662 848074 952772 809312 693544
807636 926414 937632 779729 913407 934956 963898 918459
1 8
10
6 3 5 8 7 4 2 1
2 8
121221 275418
913773 793172 901527 934102 964236 927979 719641 718423
801112 675802 981386 958357 974609 744157 952957 701914
1 1
8
72
2 5
5 3
2475 2573 2321 2617 2750
1350 1518 1440 1485 1637
1 3
4
4 4 4
2 8
7 5
2719 2100 4620 3579 630 4668 5600 1294
2639 3465 1500 2122 913 550 4000 2700
2 7
58295 381696
996630 977501 787585 657570 888593 897257 991096
115203 520761 504612 946589 669601 930259 832740
1 7
1
1540 987 1696 100 1852 1354 950
2 3
4 5
800 403 1200
929 527 1500
2 8
6 8
24 12 11 24 54 36 12 12
17 16 16 88 32 16 34 44
2 8
6 10
8258 9623 9022 8695 9966 8976 9561 8154
13795 15345 15702 16610 13590 14182 14960 16421
1 4
3
540 1200 862 330
2 4
395728 636825
903061 434143 970223 991571
485399 958182 518428 303978
2 4
293429 286051
779141 528869 975337 613286
561424 661852 533440 976102
2 3
355418 137968
949547 537691 228454
991587 875295 496801
1 6
10
52 27 82 50 110 37
2 4
7 3
12663 14924 14035 13352
5421 5396 6015 6633
1 7
10
4902 1873 6813 1000 4400 6000 3280
1 1
2
3998
2 8
3 6
3 3 3 3 3 33 3 3
6 6 6 6 6 54 6 6
1 1
3
300
1 5
2
1394 1540 1415 1390 1484
1 6
6
590 3466 1200 2850 1976 2640
2 7
3 8
5766 5700 1147 6981 4620 4985 5940
13020 3194 13725 19360 17360 15200 10080
2 4
10 8
9 10 90 10
8 8 8 88
2 8
2 2
600 440 197 1600 1027 1117 1540 751
360 1222 600 749 211 1099 1260 1600
1 1
2
2
1 2
5
5773 4995
2 7
2 3
3982 3660 3608 3646 3779 3288 3602
4875 5403 5412 5075 5519 4887 5146
1 5
3
4082 580 5100 6650 1350
1 7
277743
668049 778780 784469 951532 993629 475421 824519
1 6
6
9836 3600 5627 3122 9068 5940
1 1
8
8
1 7
8
1512 1466 1679 1703 1568 1594 1652
