100
11 5 16 5 0 0
3 1 3 2 2 0
3 1 3 2 1 0
2 1 5 1 1 1
77 19 62 66 1 8
98 1 92 50 0 1
70 1 73 35 1 1
92 1 96 45 0 1
100 1 100 49 0 1
99 1 93 48 0 1
48 1 100 89 3 4
98 1 94 50 0 1
97 1 100 48 0 1
92 1 83 55 3 10
93 1 94 45 0 1
90 1 100 46 0 1
92 2 39 68 1 34
91 1 97 45 0 1
93 1 97 45 0 1
6 1 89 3 4 2
92 1 23 49 0 4
28 1 30 37 1 18
97 1 91 47 0 1
97 1 33 50 0 3
96 1 49 47 0 2
98 1 23 49 0 4
36 41 85 76 28 49
97 1 90 48 0 1
97 1 99 47 0 1
99 2 2 8 0 0
59 1 86 97 1 69
22 1 56 32 2 23
28 5 50 7 0 0
58 1 73 20 4 4
92 1 92 47 0 1
98 1 96 50 0 1
91 1 22 47 0 4
92 1 19 23 0 0
91 1 95 45 0 1
92 1 23 45 0 4
92 1 97 46 0 1
92 1 100 45 0 1
100 1 95 50 0 1
93 1 94 47 0 1
99 1 94 50 0 1
92 1 32 45 0 3
52 6 84 26 3 7
98 1 100 50 0 1
96 1 92 49 0 1
26 3 21 87 4 7
26 1 60 13 3 2
55 46 79 33 3 3
98 1 32 51 0 3
6 1 29 4 1 1
93 1 91 45 0 1
100 1 22 50 0 4
52 1 22 26 2 4
91 1 91 46 0 1
80 15 55 89 33 87
23 3 55 10 1 1
100 1 35 50 4 2
100 1 30 51 0 3
99 1 49 48 0 2
21 1 44 8 1 6
24 1 76 10 2 1
98 1 93 49 0 1
99 1 98 50 0 1
92 1 95 46 0 1
56 1 22 74 2 3
69 1 78 60 2 50
94 1 91 46 0 1
94 1 31 46 0 3
88 7 48 60 0 0
98 1 22 48 0 4
90 1 97 46 0 1
95 4 23 34 0 0
94 1 90 47 0 1
57 11 82 27 3 1
99 1 97 50 0 1
25 1 72 11 2 2
100 1 94 50 0 1
58 5 7 1 1 1
92 1 46 45 0 2
90 1 23 47 0 4
92 1 94 45 0 1
93 1 92 47 0 1
93 1 30 47 0 3
97 1 48 48 0 2
100 1 100 51 0 1
93 1 97 47 0 1
43 1 78 91 4 17
100 1 91 50 0 1
94 1 91 47 0 1
79 2 73 34 11 3
99 1 46 48 0 2
96 1 49 49 0 2
88 1 24 43 2 27
98 1 45 49 0 2
96 1 31 50 0 3
16 23 87 9 12 2
