100
-94 63
-56 37
-14 -30
36 30
-39 93
-70 -4
20 -91
-29 -100
81 -73
-45 51
-44 4
-6 -69
98 -73
-56 -77
-45 -42
-76 82
-19 -14
37 -32
76 -86
-97 63
-60 14
-54 -6
60 76
-38 79
85 -2
84 -84
95 20
69 0
44 -47
-79 -9
13 10
1 83
-40 -83
-97 -33
-91 63
13 -78
71 96
62 70
46 -34
33 18
-57 62
48 -95
78 99
-43 5
-17 7
-97 -1
33 -1
6 31
-62 25
43 -8
29 88
-85 -28
-9 -61
-30 -83
74 -53
84 -82
42 84
-11 15
-26 -41
57 22
17 30
-66 -15
70 50
98 -7
76 -36
-2 38
63 -10
-60 -82
2 60
-90 92
30 37
62 -69
-38 -44
-34 51
44 -19
-93 69
41 54
-97 86
0 -14
12 -35
-34 -33
-30 100
-25 61
-59 6
-41 -5
-65 26
85 -100
-59 55
89 -76
65 95
54 -90
-38 28
8 1
-18 -55
-16 27
-52 -15
7 -31
-99 32
15 97
-76 85
