75
1 1 1 0
1 2 0 0
2 1 1 2
2 2 0 2
7 44 75 9
12 635 319 3142
10 417 368 239
6 22 21 21
9 8 132 372
9 171 171 170
12 1366 1366 1364
12 1366 1365 1365
3 2 2 4
12 1365 1366 1365
12 0 4096 0
7 4 89 35
6 21 22 21
5 10 11 11
5 11 11 10
2 1 3 0
1 0 1 1
3 3 2 3
11 682 683 683
1 0 2 0
7 11 28 89
4 1 1 14
5 11 10 11
8 85 85 86
3 2 4 2
8 28 216 12
11 817 1055 176
6 19 0 45
11 1034 524 490
3 2 0 6
4 5 5 6
1 0 0 2
12 1365 1365 1366
10 341 341 342
7 67 18 43
9 170 171 171
4 6 5 5
2 3 1 0
2 1 2 1
8 85 86 85
6 21 21 22
4 6 6 4
9 171 170 171
7 42 43 43
4 4 4 8
4 3 12 1
4 9 1 6
7 43 43 42
11 683 682 683
7 30 0 98
12 1364 1368 1364
3 3 3 2
3 4 2 2
1 1 0 1
3 8 0 0
10 342 341 341
5 26 3 3
2 2 1 1
9 404 57 51
2 1 0 3
5 9 20 3
10 341 342 341
8 86 85 85
11 683 683 682
4 5 6 5
7 43 42 43
8 0 211 45
3 2 3 3
5 20 0 12
2 0 4 0
4 0 11 5
