100
4 3
4 5 6 4
4 2
4 5 6 4
3 3
1 1 1
100 2
69 53 15 64 88 55 3 82 48 60 94 75 18 4 70 7 21 74 37 87 55 17 45 12 49 96 3 42 46 70 85 75 98 33 97 32 83 52 54 38 65 7 74 23 67 28 94 33 69 40 3 77 87 1 13 45 65 44 38 30 59 76 9 29 54 28 66 30 36 48 65 86 74 80 44 41 35 26 8 40 44 90 45 98 19 35 98 12 36 55 15 87 40 11 51 33 66 26 35 49
100 3
77 10 43 38 76 37 25 55 41 7 7 55 32 74 43 82 83 19 47 58 20 59 64 88 16 23 2 95 76 19 52 31 1 1 82 52 37 55 85 31 85 76 86 88 79 43 71 46 73 73 8 33 43 44 44 62 7 78 82 87 10 7 89 92 76 9 39 40 74 91 58 5 28 7 37 26 14 49 86 40 41 22 79 2 59 70 67 10 21 19 14 8 35 58 96 27 61 37 25 25
100 3
49 31 2 49 55 24 55 43 58 24 98 31 61 43 37 97 46 23 11 10 67 70 42 52 70 61 8 58 47 51 37 44 79 83 85 73 38 55 79 8 16 12 7 59 76 70 25 4 40 40 50 25 40 58 12 88 59 57 36 39 10 22 53 36 34 54 11 47 64 52 16 82 44 40 94 67 73 19 91 10 62 40 35 32 91 73 91 79 73 1 33 88 56 83 82 6 92 28 79 94
18 3
23 58 83 13 52 82 49 56 46 96 97 4 5 48 93 47 77 35
100 3
26 19 31 76 1 65 93 94 41 25 85 56 85 29 94 58 55 42 25 91 49 65 85 32 95 51 56 52 46 17 8 5 93 41 32 29 46 58 82 31 29 46 35 31 64 67 14 77 93 67 85 85 32 4 58 93 35 37 71 16 4 31 31 8 1 67 62 40 31 59 7 64 5 61 38 91 31 61 1 78 95 35 38 4 5 47 13 52 22 58 39 43 44 58 49 28 14 10 13 37
100 3
81 13 2 8 79 11 43 85 89 4 80 25 37 79 52 90 40 77 41 75 24 2 59 49 40 81 91 69 55 25 94 58 58 85 87 52 64 68 76 46 35 34 19 80 81 66 65 62 55 43 71 94 19 49 75 34 30 82 14 82 27 37 77 8 79 25 19 41 47 36 97 26 85 82 10 62 59 43 24 13 25 32 78 66 73 37 5 67 16 79 6 83 25 22 76 68 64 94 11 97
100 3
53 92 86 71 68 3 7 83 33 14 74 53 65 89 64 62 41 14 85 86 78 34 14 94 8 1 32 29 83 38 44 23 19 86 84 88 65 80 22 41 71 92 22 56 20 7 65 65 83 95 5 31 54 79 23 58 17 53 9 74 68 5 23 56 83 71 38 92 5 32 26 63 80 74 14 41 32 8 77 68 77 76 92 83 65 60 75 56 11 52 50 67 23 11 80 85 68 29 84 47
12 3
50 67 22 22 53 91 65 35 68 82 98 4
100 3
7 37 67 4 74 57 80 31 21 3 91 22 14 91 80 70 16 85 61 34 19 49 11 80 71 22 47 6 82 1 26 49 68 76 25 70 67 56 78 31 55 73 22 48 68 4 8 46 30 77 19 22 32 73 34 8 82 26 86 23 77 61 49 55 94 95 59 66 87 11 82 25 86 52 58 55 40 63 41 94 56 67 73 97 49 80 56 38 71 57 79 13 95 71 58 38 70 8 5 16
100 3
96 23 4 14 56 20 64 8 76 80 84 14 62 41 35 97 16 65 61 72 55 56 24 45 65 95 40 41 80 44 79 44 58 5 7 41 26 48 20 27 30 86 55 17 2 44 82 42 47 62 8 17 95 95 14 77 96 49 44 53 49 42 75 2 38 28 64 59 24 95 10 26 89 23 85 89 67 31 11 86 44 35 8 29 68 86 74 74 64 51 27 93 92 42 71 83 80 70 5 73
100 3
69 34 14 43 65 93 89 10 29 34 77 20 83 31 50 53 74 39 82 68 67 91 1 74 17 47 38 35 88 50 5 28 86 24 73 53 59 32 32 14 55 29 95 68 95 47 92 46 89 22 68 83 77 95 35 46 56 92 62 14 65 92 36 56 68 30 44 25 4 77 5 73 25 19 88 95 83 66 22 35 13 86 62 89 10 22 91 53 98 68 2 43 29 52 25 56 85 94 86 20
16 3
4 4 23 23 85 52 56 34 92 64 22 77 29 68 60 86
100 3
70 87 97 52 54 37 91 79 58 77 38 32 82 53 16 70 61 62 22 82 2 52 34 43 22 52 73 33 70 37 46 5 3 68 88 85 23 61 91 37 49 13 27 1 14 79 88 46 55 93 88 88 23 82 46 88 64 5 43 19 73 25 7 90 44 16 91 73 38 13 1 88 29 88 76 61 88 61 54 45 25 76 83 53 4 5 76 73 43 34 34 58 10 55 52 39 90 37 72 97
100 3
16 37 37 19 5 82 43 96 10 18 4 70 59 97 47 8 2 46 73 31 73 79 1 8 37 28 14 13 1 30 38 8 49 49 92 79 22 62 94 60 46 55 83 37 25 78 44 28 83 43 37 32 82 43 55 89 22 97 16 9 22 16 82 49 13 53 37 16 16 1 52 13 19 58 15 97 70 97 83 64 31 45 65 34 43 13 76 63 94 91 35 17 67 40 61 40 91 49 91 13
100 3
59 20 5 41 17 55 10 21 7 72 82 32 44 49 41 62 66 80 86 56 77 47 92 20 89 10 20 14 38 85 79 17 77 62 1 34 1 67 83 42 22 80 74 92 86 59 52 6 43 52 77 35 2 49 77 22 40 50 10 43 14 74 92 29 95 19 46 20 16 33 82 26 16 47 64 41 97 50 53 47 61 86 64 18 50 35 55 17 59 20 14 28 83 67 98 38 66 8 2 95
100 3
56 92 47 94 53 5 48 62 28 92 29 62 66 17 48 46 93 74 70 95 22 24 26 16 29 68 93 54 97 7 13 66 20 6 2 77 89 84 47 70 29 1 88 40 47 41 2 38 33 67 42 67 56 45 62 29 57 98 23 12 41 68 5 23 11 71 71 28 33 45 47 10 7 63 42 10 32 47 81 1 95 40 17 73 64 41 47 47 2 19 38 38 44 68 35 92 3 2 29 36
100 3
28 82 79 97 81 5 17 68 94 28 27 97 11 53 70 19 36 37 40 70 59 25 22 52 8 65 16 2 22 28 58 69 28 50 5 79 91 1 55 56 28 89 70 19 24 70 10 46 93 52 98 58 67 59 46 54 61 63 65 34 65 16 52 16 50 84 16 37 37 98 35 91 53 7 34 91 34 80 80 61 81 40 88 14 7 82 19 40 25 37 28 83 16 55 19 91 80 34 32 94
100 3
41 80 40 22 94 23 56 37 71 17 26 85 86 35 41 40 92 44 32 34 41 65 35 74 85 29 92 47 17 4 16 37 7 5 87 33 89 20 38 95 11 27 79 65 68 66 86 70 13 1 50 89 97 96 52 56 59 98 94 17 60 22 17 35 61 74 74 46 66 89 1 62 74 50 2 68 38 87 66 6 38 50 11 29 98 64 44 46 2 14 11 20 95 11 48 16 9 73 77 29
100 3
58 21 46 16 58 17 50 1 98 19 83 68 14 30 88 43 27 11 44 70 97 76 58 29 50 25 16 45 88 93 28 2 1 88 28 97 95 2 55 4 46 50 91 23 26 73 61 88 51 88 97 19 86 48 32 83 7 40 1 28 71 31 37 58 76 8 26 39 27 23 97 54 85 64 10 74 29 25 10 34 71 4 13 55 24 88 74 47 16 52 75 23 25 43 70 14 73 82 67 61
100 3
79 26 74 77 11 7 1 92 73 79 11 83 71 97 7 35 34 22 23 10 86 50 43 29 68 31 5 50 97 19 62 11 34 80 49 14 71 64 73 59 19 76 67 98 85 74 13 38 91 43 83 11 50 92 11 94 58 61 41 85 49 68 95 98 58 28 94 95 4 97 59 76 64 52 13 41 94 55 61 61 19 79 49 50 53 88 71 97 64 43 35 55 59 25 71 80 95 79 31 34
1 3
70
100 3
83 16 46 7 62 74 22 19 41 31 57 55 19 35 49 97 22 31 94 76 76 47 76 58 27 16 29 92 55 76 47 59 58 7 44 10 75 67 98 31 37 28 43 19 70 89 85 94 94 49 40 73 19 37 76 71 22 91 10 67 57 19 42 68 59 85 73 26 10 38 7 70 4 92 52 45 77 31 81 14 37 71 49 28 92 24 21 18 49 34 64 79 82 58 23 36 96 54 49 68
100 3
50 53 31 50 95 26 26 26 91 29 28 22 16 58 1 11 41 62 7 92 76 80 43 58 67 10 70 2 95 28 83 74 85 98 23 25 74 70 50 71 68 50 20 61 71 50 20 1 58 83 64 82 70 5 95 40 38 83 23 47 95 31 1 61 14 5 55 40 40 91 47 46 28 19 49 65 28 52 23 28 79 32 65 41 34 17 37 97 70 46 29 38 20 52 73 35 19 32 46 82
18 3
94 76 91 4 43 77 91 82 62 10 94 31 4 32 14 28 32 98
100 3
89 35 71 86 59 5 4 38 7 50 85 44 94 35 17 68 21 28 84 52 68 47 43 31 56 93 17 77 56 8 20 68 91 73 42 28 77 76 39 44 47 1 43 89 64 2 68 74 95 5 23 23 11 41 35 73 2 8 79 80 59 15 29 44 69 71 26 67 92 71 35 65 29 41 23 53 61 41 85 86 93 5 43 17 79 2 81 7 98 71 44 80 83 77 85 76 32 80 32 16
100 3
1 86 19 14 55 74 71 75 22 88 91 29 52 91 1 43 88 34 41 73 38 55 63 37 19 94 46 7 50 41 44 37 95 59 4 7 37 70 31 7 16 45 79 37 44 19 20 43 37 50 85 49 32 76 29 96 54 18 85 10 38 41 94 71 1 68 49 17 49 7 98 60 49 55 38 52 76 46 7 88 59 21 71 69 82 98 34 11 4 82 80 62 57 49 41 33 34 40 28 71
3 3
17 77 20
100 3
13 1 76 20 40 61 88 88 67 11 4 31 94 32 25 85 37 91 68 46 1 28 91 11 94 55 69 64 33 10 69 22 82 97 16 85 16 50 75 71 14 58 31 73 82 29 17 80 31 52 1 10 43 14 82 95 31 10 60 82 51 65 88 29 32 40 55 73 70 27 17 19 75 73 76 91 46 65 82 95 73 32 20 91 4 31 59 17 35 4 16 40 79 57 91 42 71 17 68 41
100 3
71 56 6 52 47 95 46 84 72 98 62 47 77 32 62 50 2 52 8 11 90 8 87 62 5 26 73 72 25 44 86 22 64 86 71 89 8 1 26 53 16 61 59 14 74 7 83 35 2 68 76 32 17 86 68 3 86 62 94 98 95 71 28 97 37 81 16 39 44 11 62 26 23 58 33 71 89 91 62 6 88 8 73 11 20 71 65 22 22 98 83 14 11 21 68 86 89 34 26 80
100 3
51 82 69 25 47 88 62 22 64 28 47 37 58 2 64 19 49 43 61 32 91 5 79 45 1 4 92 66 52 71 92 88 4 43 17 46 67 28 52 86 26 88 31 52 89 56 32 72 25 7 52 61 61 92 32 86 80 22 29 27 67 73 67 55 90 55 35 14 1 45 35 58 65 67 48 4 58 19 61 77 73 98 63 43 32 73 56 19 22 1 53 43 64 79 28 16 70 63 7 3
17 3
29 71 88 94 35 50 20 92 41 98 97 4 73 67 52 82 20
100 3
54 1 19 46 77 61 10 83 25 70 97 52 13 9 70 19 28 90 64 62 95 57 28 94 32 22 16 55 93 82 43 13 7 73 26 31 73 76 48 10 97 58 44 55 44 38 91 67 25 50 7 8 61 27 72 11 64 6 19 47 82 8 73 94 89 41 87 23 14 61 16 9 79 72 79 72 98 28 85 52 88 37 1 70 49 26 18 87 85 85 61 31 62 38 58 72 20 43 61 58
17 2
29 4 74 68 34 32 82 92 8 12 99 21 45 99 88 70 99
15 3
25 10 62 26 83 39 82 98 49 35 41 86 37 82 37
100 3
32 17 50 17 5 47 2 71 62 71 14 13 56 26 11 22 68 47 73 41 23 32 74 5 17 54 5 86 77 61 80 56 89 37 95 41 50 14 35 80 72 37 41 62 11 14 80 50 2 49 31 96 14 47 11 89 11 33 80 56 2 76 74 2 26 11 75 92 62 62 23 16 47 40 20 42 55 44 46 59 33 44 65 92 88 8 56 88 37 15 53 53 97 92 37 9 89 83 98 17
100 3
59 23 8 15 66 56 61 35 52 74 71 68 86 77 51 89 11 50 26 40 31 59 82 53 5 59 47 48 59 52 65 33 23 29 4 20 65 80 66 67 25 37 68 12 2 91 2 89 89 41 16 41 14 92 65 68 31 34 5 28 76 26 14 11 4 94 76 68 41 58 91 94 58 23 11 11 38 14 41 23 50 35 62 26 85 89 49 32 56 80 50 1 44 68 2 69 64 14 95 60
100 3
34 83 34 22 17 65 53 79 37 23 90 83 97 85 94 56 37 2 58 18 46 11 13 95 89 5 91 55 19 85 78 94 43 37 62 7 88 34 64 52 4 48 88 10 98 68 42 25 31 73 88 7 69 71 40 52 70 5 49 1 26 34 76 34 31 85 70 79 31 71 88 25 97 13 68 28 55 58 29 28 73 14 76 94 74 43 85 83 10 46 61 34 46 21 58 82 79 29 16 82
100 3
19 59 79 86 75 41 8 59 91 62 59 95 92 50 34 92 33 91 74 86 92 28 74 7 83 95 49 26 34 58 17 41 83 41 6 24 41 61 41 92 42 20 84 59 59 53 65 35 71 2 75 34 18 44 40 55 44 14 56 89 26 6 65 41 35 20 31 92 73 83 34 51 40 2 10 79 83 4 24 26 47 30 89 68 80 21 2 58 20 86 86 32 53 50 80 11 64 17 67 29
100 3
62 6 44 29 33 2 22 95 14 90 68 20 29 71 65 74 34 29 94 89 11 50 47 82 18 86 94 29 38 43 80 77 65 8 23 80 23 58 72 80 26 9 53 80 74 2 34 41 62 59 41 41 32 35 77 32 11 20 5 53 98 53 17 83 48 59 86 20 50 58 56 86 32 36 16 85 50 56 19 32 61 35 67 32 17 40 20 88 47 37 64 56 38 4 14 28 2 26 14 78
1 2
59
100 3
81 91 31 98 2 67 80 37 25 48 82 82 37 89 55 8 26 98 74 50 98 72 95 86 10 17 73 77 62 80 50 23 23 5 83 29 1 61 2 62 71 2 56 68 65 57 47 76 25 23 79 15 61 26 98 77 61 78 94 44 85 11 77 59 65 14 35 55 84 78 50 30 42 71 53 20 44 95 17 62 73 41 63 17 54 14 34 76 38 62 16 53 68 49 97 71 91 35 64 29
100 3
22 43 17 65 55 42 41 29 59 50 20 11 35 27 27 46 53 16 44 64 80 38 29 38 77 50 80 23 80 13 47 67 67 53 55 39 50 35 26 53 77 65 76 2 50 74 95 13 80 77 10 30 82 32 15 8 73 83 23 2 88 18 10 71 85 78 71 49 92 27 17 33 2 89 7 31 83 83 89 35 98 52 40 86 26 4 17 14 29 5 10 56 96 34 32 98 7 34 77 91
100 3
22 32 72 62 53 59 77 5 68 65 59 44 67 25 41 7 97 77 1 88 83 17 81 65 39 35 2 46 14 20 58 29 13 25 58 41 83 2 93 77 17 1 76 92 76 76 56 25 8 29 98 86 44 80 82 20 53 83 90 35 30 56 53 44 11 13 76 2 97 35 76 31 50 32 38 59 65 35 97 86 56 53 35 5 50 65 25 3 20 7 11 94 27 2 35 56 67 43 68 96
100 3
38 77 91 13 89 78 11 5 92 63 77 30 8 31 52 16 93 16 74 80 21 91 26 79 20 74 59 90 71 94 92 64 85 51 97 20 83 2 17 26 54 61 71 89 47 77 89 83 85 55 18 88 78 3 8 35 46 44 35 59 23 56 92 92 77 95 14 15 38 88 38 53 17 75 29 27 20 82 32 89 98 88 55 65 46 65 23 23 83 25 98 94 46 26 41 74 77 55 96 41
20 2
7 10 59 77 22 50 86 10 67 64 72 19 10 71 56 10 36 15 61 69
27 3
11 4 91 70 92 28 16 70 31 44 61 18 67 4 55 4 16 74 85 65 45 79 28 53 24 55 5
2 3
22 67
100 3
92 80 16 28 80 61 86 85 92 65 79 92 44 41 39 85 38 2 60 19 88 50 56 20 82 55 92 86 69 58 45 11 89 88 62 35 96 32 19 41 55 67 85 63 4 17 89 19 98 4 58 35 13 35 14 19 98 97 58 47 98 77 86 53 7 62 20 92 94 56 11 16 82 38 65 56 11 29 20 62 64 33 61 86 41 1 11 83 98 56 14 44 8 20 42 65 37 89 71 74
100 3
13 11 59 85 91 31 76 85 68 77 86 71 41 7 29 6 89 38 57 14 83 53 34 1 83 56 74 24 47 71 17 91 56 6 32 79 82 25 41 91 83 70 65 53 31 79 59 23 55 76 65 38 59 90 86 28 8 92 47 92 49 77 56 67 13 38 17 38 47 10 64 91 43 86 62 85 10 89 98 70 98 28 68 58 40 19 69 5 29 95 59 36 68 23 2 79 91 11 68 8
100 3
65 59 80 80 50 58 2 44 82 92 33 17 1 4 35 53 17 16 8 83 47 38 17 80 80 55 62 67 59 2 31 56 44 35 6 30 73 52 71 64 54 74 5 35 29 82 13 90 98 79 77 21 73 38 65 44 23 76 97 53 65 51 50 80 58 43 95 38 34 92 68 91 23 29 40 61 2 40 65 59 41 76 68 58 11 61 5 84 89 41 92 77 45 49 9 17 65 95 96 69
100 3
41 35 96 31 39 46 37 5 59 56 13 30 93 89 2 21 38 92 23 25 17 28 92 92 95 10 14 79 74 31 92 98 73 29 35 80 98 71 34 52 8 85 68 41 53 65 53 20 10 41 74 58 14 21 53 55 23 97 89 61 68 70 79 55 28 98 55 43 35 75 62 28 29 61 36 63 14 79 35 17 98 85 69 62 53 53 29 85 43 37 47 87 68 89 77 98 85 20 34 23
100 3
69 52 19 15 97 31 7 68 55 28 38 11 21 67 21 35 22 61 7 10 38 66 71 74 98 11 43 43 49 65 33 49 42 37 40 49 67 34 23 39 52 70 82 64 41 4 16 79 85 44 57 43 58 98 77 28 36 49 94 67 35 48 43 40 55 93 85 88 85 32 37 19 51 95 1 5 70 58 25 49 58 93 38 1 22 25 22 1 65 46 13 58 70 5 76 73 76 64 28 8
21 3
43 74 16 8 88 41 79 13 29 78 58 7 52 94 86 95 94 4 95 46 82
100 3
24 95 5 30 30 77 62 64 73 56 49 91 80 22 52 13 70 51 46 20 61 89 19 66 52 79 52 83 55 94 62 80 68 51 92 35 58 70 97 47 3 7 7 7 77 70 3 7 42 76 61 32 11 84 13 88 55 52 88 1 53 58 40 13 18 79 68 88 16 23 52 11 23 77 5 64 77 70 32 7 95 40 52 20 85 8 79 22 34 71 88 82 70 77 38 16 82 9 35 22
100 3
62 68 64 97 31 78 73 32 55 43 1 64 23 97 1 80 97 52 31 65 57 7 29 60 74 67 14 70 22 10 31 52 62 4 28 24 64 14 1 39 88 74 22 46 40 55 17 61 62 56 92 10 17 44 8 73 22 34 85 34 4 20 22 71 58 52 77 88 40 29 63 38 34 5 23 64 16 34 37 59 85 40 25 31 10 61 95 18 19 80 92 80 14 2 58 13 76 31 79 39
100 3
19 85 91 47 50 79 20 58 11 16 58 41 63 93 43 56 17 76 80 63 93 77 11 49 59 53 55 5 68 10 38 92 88 32 21 33 41 44 77 71 69 29 95 68 47 92 77 35 8 97 79 68 26 14 8 56 94 93 79 50 29 76 92 83 92 70 27 37 63 90 89 62 86 47 92 43 8 11 77 49 28 5 89 89 4 58 20 16 95 25 38 26 89 83 80 49 10 41 86 43
100 3
34 98 59 92 3 85 79 20 24 69 45 55 61 37 51 98 18 13 7 40 72 68 19 48 25 96 83 78 98 59 84 65 84 49 50 33 12 9 15 22 31 30 35 71 62 95 12 3 28 20 53 88 42 16 58 7 94 20 91 95 54 21 66 97 37 89 20 95 91 36 44 87 1 82 35 86 39 20 91 15 89 18 9 53 11 16 85 22 59 85 71 21 36 47 37 72 22 10 21 95
1 2
48
100 3
31 10 4 14 1 98 89 26 22 19 18 6 79 29 95 40 88 82 58 45 57 71 10 1 22 86 85 13 2 58 97 43 29 73 67 55 87 19 91 49 40 77 28 82 68 85 11 17 46 49 91 50 7 71 40 77 43 85 98 91 28 52 25 68 5 43 77 4 7 34 52 70 80 10 85 19 67 45 58 90 36 95 46 5 14 18 23 49 64 79 14 92 77 55 1 71 11 28 59 16
22 3
70 8 35 85 58 95 61 6 46 9 41 62 14 3 4 29 12 62 86 71 80 38
100 3
40 34 19 97 53 37 53 44 97 12 13 40 46 30 40 73 64 80 40 37 88 10 21 45 16 49 85 91 46 67 25 32 59 97 28 73 80 63 65 44 25 31 88 92 49 58 58 10 91 87 86 30 32 35 40 13 83 77 68 78 93 43 27 48 70 80 40 47 12 81 1 20 10 58 69 85 34 16 67 22 60 6 28 50 59 19 52 48 64 49 94 62 52 59 16 46 31 81 7 16
100 3
74 51 56 34 55 92 46 59 27 75 50 4 59 61 14 1 41 25 43 49 5 95 25 70 98 67 42 76 13 8 25 1 16 29 44 55 67 14 43 88 10 4 39 40 98 74 20 97 14 31 70 46 83 67 28 41 4 31 52 79 4 88 4 71 80 21 43 16 94 38 75 63 28 21 97 65 31 11 58 92 62 53 79 8 16 46 67 38 84 1 41 1 79 91 34 10 26 64 98 61
23 3
11 83 17 52 37 10 46 98 13 62 79 44 47 26 92 32 53 73 95 19 20 11 35
100 3
55 22 43 45 14 13 40 49 64 46 70 35 28 71 37 64 34 25 19 73 98 64 94 14 22 48 76 58 62 34 70 34 61 8 28 56 2 22 10 58 59 49 76 38 97 29 67 4 70 80 67 93 74 4 5 88 58 56 76 47 31 58 74 85 49 35 77 61 74 76 11 13 69 41 16 41 13 15 76 31 23 85 60 25 60 12 55 33 68 61 47 64 83 46 38 67 32 52 70 4
100 3
52 93 92 15 92 14 14 38 95 56 56 71 80 89 32 47 68 98 68 89 49 38 28 44 82 77 58 89 41 94 2 85 17 75 26 95 94 50 71 50 42 38 17 26 40 20 96 6 5 26 79 74 36 32 26 53 17 80 14 54 43 29 20 62 53 2 20 42 29 57 32 55 93 56 89 47 34 6 88 35 20 90 35 52 38 89 32 20 68 36 74 53 5 73 74 29 38 28 14 82
100 3
47 40 94 7 74 25 61 98 64 61 65 49 93 49 10 58 96 62 1 70 61 97 46 34 10 52 25 65 64 94 3 73 38 38 64 52 94 26 52 31 79 87 26 98 91 61 81 79 34 22 64 86 40 22 31 32 16 76 82 7 90 14 40 70 70 37 88 73 87 53 98 64 23 33 13 85 62 67 37 34 5 27 8 19 31 1 50 68 76 97 10 44 22 42 76 55 61 80 37 64
100 3
91 20 70 12 92 7 35 94 73 63 16 77 7 12 36 95 20 7 31 38 16 98 94 91 61 41 72 37 71 87 76 44 76 31 4 52 32 46 28 47 74 56 8 43 22 23 91 52 84 61 91 76 98 82 88 95 30 43 76 28 41 67 92 65 7 27 16 40 40 41 92 8 25 49 69 55 46 22 7 8 35 85 76 76 28 77 40 43 68 58 40 37 4 61 82 67 29 4 55 40
2 2
55 37
100 3
16 45 26 1 20 74 43 49 13 64 40 5 50 76 13 26 26 1 35 47 79 55 30 49 4 90 87 85 7 16 79 40 25 98 43 52 2 91 45 74 22 76 47 74 79 92 31 56 27 10 12 85 75 44 30 83 34 90 67 64 59 88 73 86 30 25 47 32 13 30 61 55 82 65 34 95 68 85 65 8 48 97 46 90 85 88 38 85 55 16 70 68 35 75 67 16 35 95 33 97
24 3
80 79 9 85 53 7 85 34 40 50 94 68 7 73 52 20 73 1 31 53 25 40 8 65
100 3
55 54 71 50 4 83 56 31 47 10 47 83 95 77 75 47 26 37 32 74 36 70 3 11 50 32 14 92 92 68 1 51 92 35 33 83 35 26 59 6 88 56 74 17 35 56 1 16 91 38 23 35 87 7 31 79 33 38 90 71 83 23 17 95 47 50 80 44 91 32 74 58 50 37 62 73 28 62 28 72 44 55 25 38 91 88 60 36 50 98 78 16 16 58 47 2 38 25 93 95
100 3
68 52 38 55 83 74 79 38 34 81 13 19 31 95 16 5 43 7 23 15 89 2 71 22 46 85 16 8 21 53 55 70 67 28 84 37 97 80 49 40 4 94 68 65 85 37 8 85 91 68 92 42 44 82 73 64 37 88 60 73 4 34 46 83 14 68 29 5 76 48 68 13 65 29 16 71 79 43 88 94 58 25 10 49 8 7 28 35 70 54 67 32 37 76 28 29 46 74 50 92
100 3
52 34 8 31 10 22 37 12 61 24 7 49 82 80 52 38 7 95 71 1 71 79 34 43 30 73 49 1 28 32 44 13 46 4 54 43 25 40 28 47 62 70 87 40 7 86 34 88 52 43 76 97 74 38 85 35 42 64 1 94 64 44 15 67 64 49 94 40 53 16 37 37 91 19 79 46 47 8 19 35 14 59 32 64 64 1 98 83 76 94 37 16 25 66 88 82 58 87 41 58
100 3
40 41 1 25 90 82 5 89 55 78 25 67 82 61 67 34 47 80 53 9 25 64 7 21 16 91 60 7 47 88 78 79 70 18 91 67 64 1 10 23 55 15 90 32 43 13 16 85 82 29 13 89 13 16 67 58 16 27 68 7 51 33 46 88 29 97 20 5 31 54 66 4 22 22 49 41 65 94 22 7 6 95 77 38 26 67 59 95 79 49 14 52 46 19 62 11 70 18 92 16
100 3
88 94 2 67 58 4 43 29 34 95 20 64 13 76 4 4 88 71 94 16 13 73 49 40 13 73 28 65 62 3 61 59 22 66 70 19 53 4 29 40 80 9 46 76 61 2 59 22 43 79 10 2 46 97 96 16 74 18 82 61 73 4 26 23 98 56 31 79 28 21 54 36 29 33 70 70 64 92 94 46 6 37 13 34 14 79 87 52 14 23 28 37 76 22 97 26 89 56 74 16
100 3
31 26 23 38 5 44 72 55 16 94 54 61 30 86 59 65 78 74 83 1 22 34 42 74 91 86 95 8 92 89 4 2 93 20 97 40 41 83 65 98 34 95 52 40 97 61 16 77 57 8 28 67 17 91 77 27 6 56 17 88 77 29 58 20 47 92 11 18 75 64 92 38 96 19 11 29 76 65 23 37 72 11 20 14 2 2 91 47 9 54 97 92 77 20 44 46 51 74 10 17
100 3
7 59 6 26 7 59 76 98 56 16 33 57 13 86 88 25 7 94 47 51 86 26 31 8 59 85 7 32 13 97 89 56 77 1 11 2 8 16 25 35 74 58 46 52 67 59 13 91 65 38 31 33 10 87 53 20 15 85 19 43 28 40 25 53 6 18 1 92 13 10 85 43 42 4 19 53 74 22 25 46 10 61 16 74 25 21 82 46 71 92 89 29 11 10 8 86 52 8 91 52
100 3
55 82 77 63 5 89 29 69 40 50 25 64 2 41 77 11 26 89 97 94 66 44 31 20 31 82 68 52 8 55 1 74 41 53 44 71 71 29 95 80 62 77 27 49 86 70 1 71 38 46 75 4 56 52 5 86 17 82 43 80 6 32 52 95 26 23 20 82 86 57 92 41 22 44 64 61 38 83 34 95 86 74 87 65 11 83 58 4 83 38 31 40 20 44 95 80 29 23 89 29
100 3
39 57 58 79 22 46 92 20 55 58 92 70 34 25 52 83 55 2 64 38 33 61 46 55 45 10 3 10 19 44 34 47 93 7 10 4 40 31 33 58 19 6 34 40 37 88 27 13 82 86 53 92 91 1 11 28 94 82 82 55 89 8 55 64 31 28 25 85 21 82 55 76 14 59 85 17 70 76 50 67 81 79 2 76 97 94 64 97 58 67 73 55 64 28 61 68 94 53 10 97
12 3
23 31 8 12 67 34 19 89 71 46 75 5
100 3
1 28 40 64 1 88 1 28 13 50 13 9 1 10 23 67 85 94 40 76 55 98 77 63 31 65 70 39 88 68 23 67 16 17 58 97 25 28 85 9 97 38 55 67 97 55 46 52 32 46 17 82 2 43 35 61 25 1 49 43 38 58 41 97 26 46 2 16 29 3 76 35 45 22 66 70 93 63 28 19 67 85 6 88 14 68 58 97 78 40 70 93 73 3 96 97 56 37 96 63
100 3
40 95 21 52 29 29 65 10 92 14 53 52 70 98 34 29 44 5 23 13 20 56 20 56 80 52 39 83 83 64 32 41 44 59 78 32 83 36 77 5 52 91 84 64 2 45 96 91 26 89 17 19 22 93 47 80 5 70 77 32 6 89 98 71 47 95 85 12 17 41 80 32 43 73 33 16 14 62 74 65 91 13 8 81 5 34 89 63 44 47 98 88 25 54 74 71 8 25 19 8
2 3
71 17
100 3
46 46 19 58 44 57 10 19 71 11 4 22 83 7 10 64 50 40 1 54 91 82 58 94 16 83 64 71 38 42 34 10 41 66 7 31 20 19 16 38 82 91 82 36 40 85 67 13 97 4 37 29 43 94 31 46 19 34 32 46 70 94 13 92 95 86 88 67 55 40 16 46 40 28 28 44 68 89 82 16 58 23 22 26 89 85 89 20 20 92 97 4 22 76 33 59 88 31 22 37
100 3
20 94 39 16 30 53 76 62 47 57 20 59 23 35 65 38 62 56 55 25 73 14 79 65 89 34 70 41 31 94 50 11 83 53 59 46 64 50 92 81 87 5 7 67 72 98 74 61 98 47 26 20 47 77 50 2 29 83 77 92 34 44 14 17 58 53 20 12 14 17 77 70 17 26 68 98 74 46 38 67 81 71 50 62 11 38 11 17 80 95 59 35 62 56 12 41 23 2 17 19
100 3
17 38 16 34 26 44 76 38 32 31 26 53 71 47 13 72 65 83 19 77 92 61 14 47 35 71 91 92 23 83 2 85 38 31 29 70 2 89 5 17 68 59 8 6 41 35 58 86 32 61 16 83 95 76 2 89 11 58 90 33 59 46 8 5 3 55 21 68 38 74 61 86 80 71 11 86 38 38 26 62 71 56 59 16 17 58 3 86 98 65 92 83 43 71 65 65 14 97 47 79
100 3
4 82 98 58 56 74 34 80 89 35 8 28 67 40 68 4 83 85 4 76 52 53 35 57 17 19 16 54 85 1 16 97 82 76 4 70 46 43 43 70 59 87 73 85 14 41 34 22 68 82 23 10 10 43 56 16 79 58 5 76 1 23 49 58 1 94 30 55 5 91 10 58 40 59 44 44 90 1 19 43 58 28 31 16 92 14 34 10 5 70 34 63 94 74 84 20 73 22 25 73
100 3
44 41 13 94 53 52 41 59 61 37 95 81 32 47 59 8 4 86 81 94 92 39 82 71 37 10 11 38 17 12 95 2 26 79 59 92 65 98 69 2 35 83 20 5 86 26 71 74 29 94 88 92 79 4 59 66 26 41 5 65 89 59 95 23 25 35 65 75 11 41 41 41 74 53 49 38 32 7 7 26 5 44 14 80 50 14 94 68 98 71 86 65 74 71 47 65 35 26 98 97
1 3
92
100 3
90 97 83 28 40 40 5 23 59 86 1 38 35 8 20 77 17 65 8 40 68 34 83 10 86 56 98 43 23 9 47 88 29 71 10 50 29 97 20 86 45 74 44 89 5 44 62 53 57 95 98 7 68 71 32 31 86 92 62 2 16 87 44 77 76 15 82 74 22 46 9 61 92 35 86 50 92 12 25 32 98 37 37 44 53 33 11 5 44 76 35 31 87 14 1 51 8 32 91 58
100 3
85 73 13 22 81 97 97 31 68 40 97 73 31 18 28 86 76 67 60 31 42 21 8 7 26 28 42 31 13 31 8 31 37 26 43 28 74 41 82 11 10 76 81 52 74 49 82 31 36 34 88 70 34 63 95 64 15 7 68 97 97 25 65 17 13 71 79 79 79 55 83 68 74 28 89 34 79 73 70 76 16 49 76 91 34 76 46 84 76 38 82 73 88 67 58 28 87 43 4 52
1 3
3
100 3
9 36 12 62 92 31 16 44 35 41 98 77 32 12 34 16 41 59 37 37 89 2 71 18 21 17 73 95 53 50 77 26 86 34 44 82 34 17 64 17 55 71 71 14 89 35 5 92 83 63 65 44 22 71 56 86 74 65 23 17 18 19 29 19 77 98 78 7 83 80 50 32 17 92 76 22 95 76 23 49 59 74 91 20 62 4 25 76 76 8 17 16 40 34 86 70 97 76 73 26
100 3
55 4 50 71 81 16 53 26 38 61 47 17 41 49 67 89 76 71 53 32 86 85 50 80 86 83 47 67 54 93 67 27 14 47 25 68 1 86 48 3 32 8 11 38 86 80 60 95 16 68 83 17 26 75 37 59 38 5 25 59 1 74 59 53 64 89 89 11 5 68 11 41 14 13 20 11 92 38 23 74 4 86 51 2 38 59 46 53 49 41 27 50 47 74 38 65 11 62 17 51
100 3
5 82 73 83 92 41 76 98 11 11 35 76 28 17 17 97 17 68 14 60 63 66 59 74 53 49 46 89 47 28 53 85 55 34 29 76 62 9 83 71 91 98 76 11 7 38 11 27 12 1 60 26 80 11 4 8 92 50 14 41 46 40 83 20 31 7 34 42 46 86 43 6 52 56 91 14 98 49 2 98 38 53 10 89 87 36 85 90 89 79 16 17 22 55 2 92 29 41 70 71
100 3
94 53 17 96 71 68 12 11 17 8 85 20 52 68 10 90 51 5 38 20 86 34 74 20 9 50 20 44 48 73 25 63 98 83 50 13 38 98 29 55 80 93 58 91 11 92 46 31 59 11 74 13 16 47 17 89 82 26 56 41 97 65 5 80 33 92 68 8 2 65 89 52 65 76 68 23 97 77 41 79 86 58 13 56 31 84 71 62 44 48 32 65 86 20 82 98 65 71 61 35
100 3
59 86 83 7 30 54 35 59 22 73 32 49 68 80 5 92 28 77 29 92 88 95 2 6 44 31 2 70 32 8 59 13 20 92 52 89 56 95 35 26 88 23 77 26 5 97 82 79 92 38 11 25 98 43 75 79 46 32 69 59 86 38 31 92 29 89 14 26 71 71 74 81 38 93 80 96 65 62 23 90 35 17 56 50 6 37 14 8 26 83 71 45 4 65 28 94 83 98 44 42
