Case #1: 3
Case #2: 1
Case #3: 1 2
Case #4: 4 3
Case #5: 8842413667693
Case #6: 20101 50404 80707 111010 141313 171616 201919 232222 262525 292828 323131 353434 383737 414040 444343 474646 504949 535252 565555 595858 626161 656464 686767 717070 747373 777676 807979 838282 868585 898888 929191 959494 989797 100
Case #7: 8639 20459 32279 195
Case #8: 22
Case #9: 22
Case #10: 5848693049130697 12440077279103386 19031461509076075 25622845739048764 32214229969021453 38805614198994142 45396998428966831 51988382658939520
Case #11: 229
Case #12: 3709924717 1714
Case #13: 658723973129881 1386484519862892 575
Case #14: 43211 98766
Case #15: 12403067546313265 26216910548131355 40030753549949445 53844596551767535 28166523851225
Case #16: 3020101 7060505 11100909 15141313 19181717 23222121 27262525 31302929 35343333 39383737 43424141 47464545 51504949 55545353 59585757 63626161 67666565 71706969 75747373 79787777 83828181 87868585 91908989 95949393 99989797
Case #17: 3241 8164 13087 18010 22933 27856 32779 37702 42625 47548 52471 57394 62317 40
Case #18: 229
Case #19: 49531541029249721 104677993592179571 159824446155109421 214970898718039271 270117351280969121 30830784091
Case #20: 4294689 9706694 15118699 20530704 25942709 31354714 1023
Case #21: 1
Case #22: 18476676539861 39339639717710 60202602895559 2249927401533
Case #23: 22
Case #24: 1 2 3 4 5 6 7 8 9 10 11 12 13 14 15 16 17 18 19 20 21 22 23 24 25 26 27 28 29 30 31 32 33 34 35 36 37 38 39 40 41 42 43 44 45 46 47 48 49 50 51 52 53 54 55 56 57 58 59 60 61 62 63 64 65 66 67 68 69 70 71 72
Case #25: 41182873 91035823 140888773 190741723
Case #26: 9876543211
Case #27: 2626909401868 5697587964827 8768266527786 11838945090745 14909623653704 17980302216663 21050980779622 24121659342581 27192337905540 30263016468499 33333695031458 36404373594417 658414
Case #28: 2285293018786 4956768754463 7628244490140 10299720225817 12971195961494 15642671697171 18314147432848 20985623168525 23657098904202 26328574639879 29000050375556 31671526111233 85
Case #29: 22
Case #30: 667 1696 2725 3754 4783 5812
Case #31: 101 303 505 707 909 1111 1313 1515 1717 1919 2121 2323 2525 2727 2929 3131 3333 3535 3737 3939 4141 4343 4545 4747 4949 5151 5353 5555 5757 5959 6161 6363 6565 6767 6969 7171 7373 7575 7777 7979 8181 8383 8585 8787 8989 9191 9393 9595 9797 9999
Case #32: 1
Case #33: 22
Case #34: 365171407246829 783173654015853 1201175900784877 1619178147553901 2037180394322925 2455182641091949 2873184887860973 3291187134629997 3709189381399021 4127191628168045 4545193874937069 753478
Case #35: 23084307896 11
Case #36: 1 2 3 4 5 6 7 8 9 10 11 12 13 14 15 16 17 18 19 20 21 22 23 24 25 26 27 28 29 30 31 32 33 34 35 36 37 38 39 40 41 42 43 44 45 46 47 48 49 50
Case #37: 22
Case #38: 1 2 3 4 5 6 7 8 9 10 11 12 13 14 15 16 17 18 19 20 21 22 23 24 25 26 27
Case #39: 4096 10309 16522 22735 28948 35161 41374 47587 53800 60013 66226 72439 78652 84865 91078
Case #40: 48028639 104789756
Case #41: 86478117 194980622 303483127 411985632 520488137 628990642 737493147 845995652 954498157 1063000662 1171503167 1280005672 1388508177 314362
Case #42: 3
Case #43: 32 96 160 224 288 352 416 480 544 608 672 736 800 864 928 31
Case #44: 3091088206431 2728
Case #45: 25 75 125 175 225 275 325 375 425 475 525 575
Case #46: 3
Case #47: 3
Case #48: 264643291 596379246 928115201 1259851156 1591587111 1923323066 2255059021 2586794976 2918530931 3250266886 3582002841 3913738796 4245474751 4577210706 4908946661 5240682616 5572418571 5904154526
Case #49: 273887527250601079 41340919248332
Case #50: 3
Case #51: 2931
Case #52: 982190065117 2108928856797 3235667648477 4362406440157 137135971356
Case #53: 94774 7
Case #54: 10 30 50 70 9
Case #55: 3010061142814 6528462782231 10046864421648 13565266061065 17083667700482 20602069339899 24120470979316 27638872618733 31157274258150 34675675897567 38194077536984 41712479176401 5583338367
Case #56: 87 261 435 609 783 957 1131 1305 1479 1653 1827 2001 2175 2349 2523 2697 2871 3045 3219 3393 3567 3741 3915 4089 4263 4437 4611 4785 4959 5133 5307 5481 5655 5829 6003 6177 6351 6525 6699 6873 7047 7221 7395
Case #57: 1 2 3 4 5 6 7 8 9 10 11 12 13 14 15 16 17 18 19 20 21 22 23 24 25 26 27 28 29 30 31 32 33 34 35 36 37 38 39 40 41 42 43 44 45 46 47 48 49 50 51 52 53 54 55 56 57 58 59 60 61 62 63 64 65 66 67 68 69 70 71 72 73 74 75 76
Case #58: 229
Case #59: 20 60 100 140 180 220 260 300 340 19
Case #60: 211 544 877 10
Case #61: 134777261 303812286 472847311 641882336 810917361 979952386 1148987411 1318022436 1487057461 1656092486 1825127511 1994162536 2163197561 2332232586 2501267611 76
Case #62: 372532761625237 792682492781518 1212832223937799 1632981955094080 2053131686250361 17589249286
Case #63: 37 4
Case #64: 1
Case #65: 5 15
Case #66: 1 2 3 4 5 6 7 8 9 10 11 12 13 14 15 16 17 18 19 20 21 22 23 24 25 26 27 28 29 30 31
Case #67: 996455147179 2161646406236 3326837665293 4492028924350 5657220183407 6822411442464 7987602701521 9152793960578 10317985219635 11483176478692 29980949
Case #68: 1171978435241 2516306640369 3860634845497 5204963050625 6549291255753
Case #69: 16434825
Case #70: 549582434368 1192385180387 1835187926406 2477990672425 3120793418444 3763596164463 4406398910482 5049201656501 5692004402520 20146495
Case #71: 9876543211
Case #72: 58 174 290 406 522 638 754 870 986 1102 1218 1334 1450 1566 1682 1798 1914 2030 2146 2262 2378 2494 2610 2726 2842 2958 3074 3190 57
Case #73: 80706050403020101 171615141312111010 262524232221201919 353433323130292828 444342414039383737 535251504948474646 626160595857565555 717069686766656464 807978777675747373 898887868584838282 989796959493929191 100
Case #74: 6338433091 13968028477 21597623863 29227219249 36856814635 44486410021 52116005407 59745600793 67375196179 75004791565 82634386951
Case #75: 32014227 72225332 112436437 152647542 192858647 233069752 273280857 313491962 353703067 393914172 148822
Case #76: 845667630793 1834601307272 2823534983751 3812468660230 4801402336709 5790336013188 6779269689667 7768203366146 8757137042625 9746070719104 5183
Case #77: 90 270 450 630 810 990 1170 1350 1530 1710 1890 2070 2250 2430 2610 2790 2970 3150 3330 3510 3690 3870 4050 4230 4410 4590 4770 4950 5130 5310 5490 5670 5850 6030 6210 6390 6570 6750 6930 7110 7290 7470 7650 7830 89
Case #78: 56 24
Case #79: 148390053388881 318285911616729 488181769844577 658077628072425 827973486300273 997869344528121 1167765202755969 1337661060983817 1507556919211665 1677452777439513
Case #80: 229
Case #81: 2347 5920 9493 13066 16639 20212 23785 27358 30931 34504 38077 34
Case #82: 1
Case #83: 229
Case #84: 1
Case #85: 1 2 3 4
Case #86: 4670203204578871 9933717161100610 15197231117622349 20460745074144088 25724259030665827 30987772987187566 36251286943709305 8233700231044
Case #87: 58068483967734790 122717293156465370 187366102345195950 252014911533926530 316663720722657110 1954274120268
Case #88: 1
Case #89: 102436518250 2182
Case #90: 3
Case #91: 53566920179174021 113909948769828110 174252977360482199 234596005951136288 294939034541790377 355282063132444466 415625091723098555 475968120313752644 536311148904406733 596654177495060822 7736933661
Case #92: 63279542987640163 132553990047793603 19654
Case #93: 3438693696712 7457946069491 11477198442270 15496450815049 19515703187828 23534955560607 27554207933386 31573460306165 35592712678944 39611965051723 43631217424502 47650469797281 51669722170060
Case #94: 1 2 3
Case #95: 342411361 771554886 1200698411 1629841936 2058985461 2488128986 2917272511 3346416036 3775559561 4204703086 4633846611 5062990136 5492133661 5921277186 6350420711 6779564236 7208707761 7637851286 8066994811 96
Case #96: 18719508499 41238521197 63757533895 86276546593 108795559291 131314571989 153833584687 176352597385 198871610083 221390622781 243909635479 266428648177 288947660875 45205285
Case #97: 1
Case #98: 1 2 3 4 5 6 7 8 9 10 11 12 13 14 15 16 17 18 19 20 21 22 23 24 25 26 27 28 29 30 31 32 33 34 35 36 37 38 39 40 41 42 43 44 45 46 47 48 49 50 51 52 53 54 55 56 57 58 59 60 61 62 63 64 65 66 67 68 69 70 71 72 73 74 75 76 77 78 79 80 81 82 83 84 85 86 87 88 89 90 91 92 93 94 95 96 97 98 99 100
Case #99: 229
Case #100: 19307 48416 77525 106634 135743 164852 193961 223070 252179 281288 310397 339506 368615 397724 426833 455942 485051 514160 543269 572378 601487 630596 659705 688814 717923 747032 776141 805250 834359 863468 892577 921686 9603
