100
1 1
540 600
840 900
2 0
900 1260
180 540
1 1
1439 1440
0 1
2 2
0 1
1439 1440
1438 1439
1 2
3 4
0 10
1420 1440
90 100
550 600
900 950
100 150
1050 1400
100 100
43 50
475 482
216 223
28 36
993 1000
1224 1231
518 525
676 684
1281 1288
230 237
1382 1389
158 165
1209 1216
1065 1072
460 468
259 266
1195 1202
763 770
1353 1360
374 381
201 208
86 93
345 352
388 396
633 640
720 727
1180 1188
1008 1015
288 295
849 856
1166 1173
1339 1346
1094 1101
1238 1245
705 712
403 410
1296 1303
734 741
748 756
504 511
878 885
979 986
1123 1130
1310 1317
1036 1044
604 612
1152 1159
936 943
1080 1087
316 324
331 338
489 496
172 180
1252 1260
57 64
360 367
892 900
432 439
590 597
1022 1029
129 136
864 871
115 122
144 151
921 928
950 957
14 21
547 554
1051 1058
0 7
576 583
417 424
964 972
1425 1432
446 453
619 626
273 280
561 568
662 669
1324 1332
1396 1404
187 194
1108 1116
820 828
244 252
648 655
1368 1375
907 914
777 784
835 842
302 309
691 698
100 108
806 813
72 79
1411 1418
792 799
1137 1144
1267 1274
532 540
928 936
223 230
741 748
468 475
496 504
1116 1123
122 129
1072 1080
309 316
669 676
367 374
957 964
252 259
338 345
1202 1209
439 446
1188 1195
136 144
194 201
698 705
554 561
1332 1339
1346 1353
79 86
1130 1137
1317 1324
943 950
1303 1310
914 921
856 864
50 57
1375 1382
684 691
1058 1065
770 777
1044 1051
540 547
756 763
208 216
1087 1094
784 792
93 100
1260 1267
1101 1108
712 720
1015 1022
1274 1281
266 273
280 288
453 460
583 590
1288 1296
64 72
525 532
1173 1180
655 662
1360 1368
885 892
396 403
612 619
1245 1252
295 302
986 993
972 979
7 14
511 518
324 331
640 648
828 835
1216 1224
352 360
237 244
1404 1411
1144 1152
1418 1425
180 187
1000 1008
813 820
799 806
1159 1166
900 907
842 849
871 878
108 115
1432 1440
36 43
597 604
381 388
1231 1238
21 28
626 633
410 417
424 432
151 158
568 576
727 734
482 489
165 172
1389 1396
1029 1036
66 21
178 206
269 275
1402 1405
357 361
1342 1345
989 996
406 411
842 845
425 447
557 558
841 842
916 920
171 174
1200 1206
1102 1142
1369 1383
290 299
218 232
789 794
929 931
749 766
96 99
823 841
455 473
1416 1418
960 966
144 145
411 413
869 882
738 749
662 666
721 724
1053 1077
447 451
558 564
304 309
593 599
845 858
1026 1030
99 109
121 122
987 988
387 403
509 522
451 454
176 178
1386 1391
599 626
1016 1023
136 137
309 315
1405 1409
1015 1016
541 544
985 986
324 331
454 455
212 216
858 867
1143 1155
781 789
526 535
232 243
288 290
1326 1342
1255 1268
1206 1215
1419 1422
60 63
588 590
117 121
633 639
1099 1102
704 719
546 557
279 288
1314 1326
1268 1274
1217 1219
1174 1187
590 593
680 694
488 496
1418 1419
1155 1174
55 60
920 929
79 94
1022 1024
150 153
441 443
1373 1376
976 981
1173 1182
1121 1126
18 19
140 150
356 362
929 932
132 140
1004 1005
190 203
476 478
615 619
112 117
84 86
1438 1440
811 820
1042 1045
1376 1381
443 448
448 450
1201 1216
711 712
619 621
759 763
934 939
559 563
701 711
207 208
1026 1027
223 228
1024 1026
1126 1129
1191 1193
1322 1331
939 946
453 454
485 486
1167 1171
607 609
254 255
628 629
479 484
688 690
185 190
450 453
297 299
993 1003
803 807
1352 1358
955 973
48 50
423 424
208 213
690 691
1187 1191
692 695
460 462
749 750
1423 1428
1261 1272
1358 1360
1249 1251
603 607
351 356
88 89
162 164
766 767
896 897
64 66
1074 1079
1107 1113
339 341
1153 1156
497 504
218 223
395 397
158 162
1082 1086
1428 1430
1091 1092
286 287
514 519
66 71
990 993
552 554
440 441
255 256
1182 1184
898 901
609 612
842 844
38 40
71 78
647 659
1092 1093
203 205
580 592
801 802
770 778
268 272
1063 1067
537 544
419 422
296 297
386 390
462 466
975 976
901 902
716 718
923 929
681 688
1036 1038
103 112
307 317
228 230
322 323
306 307
374 380
659 663
300 306
665 675
1387 1390
1090 1091
153 158
380 385
984 986
563 580
691 692
164 165
324 327
695 697
230 232
1193 1201
504 508
19 21
362 364
438 440
932 934
639 640
253 254
9 11
1087 1090
337 339
87 88
677 681
410 413
1113 1119
827 834
287 296
213 218
89 98
1145 1147
795 801
1157 1167
741 742
719 722
713 716
23 33
544 548
621 628
247 253
897 898
1137 1145
1184 1185
663 665
1068 1072
11 14
4 5
1318 1322
46 95
1251 1267
1290 1291
342 344
662 665
172 179
1185 1187
442 448
453 460
581 582
714 717
1176 1178
16 20
35 39
630 633
919 926
712 714
934 942
44 46
39 42
1405 1409
1061 1073
807 809
624 625
640 646
162 172
1286 1290
42 44
469 477
1077 1086
711 712
846 848
689 690
881 883
790 800
1414 1418
31 35
1113 1125
1379 1380
558 564
906 912
582 583
1003 1019
646 649
300 302
690 693
344 352
834 841
1076 1077
68 74
855 859
429 441
787 790
1187 1212
583 598
1380 1397
580 581
848 849
1273 1283
667 677
206 210
240 248
577 579
816 834
1103 1105
1267 1273
895 901
861 863
901 906
180 191
1217 1218
127 134
657 662
370 374
599 624
1212 1217
522 529
926 929
809 816
720 722
1086 1103
223 224
134 139
800 807
238 240
992 1003
1133 1145
948 960
1125 1129
460 462
298 300
947 948
1231 1239
1183 1185
649 653
1179 1181
709 711
74 78
1105 1107
295 298
636 640
255 267
201 204
579 580
377 400
1048 1051
969 981
113 116
1419 1423
227 238
1046 1048
415 418
1239 1251
1423 1428
1112 1113
761 764
116 127
352 364
78 96
516 517
364 370
627 630
448 453
1428 1440
774 776
468 469
776 787
555 557
147 162
1145 1176
139 143
867 868
564 577
329 336
598 599
254 255
1218 1231
1370 1373
497 504
481 484
97 99
1365 1370
1 1
0 1
1439 1440
30 21
928 930
1348 1369
963 979
1346 1348
311 315
446 449
1200 1206
352 356
511 517
367 379
527 555
919 928
317 342
1409 1414
1433 1440
1107 1131
269 277
682 688
675 680
412 421
621 650
1217 1236
688 699
421 427
750 757
220 234
935 949
112 151
1264 1273
1068 1071
81 104
427 432
597 610
593 597
991 1014
1261 1263
1206 1210
768 776
1071 1098
308 311
76 81
833 848
1131 1182
680 682
517 527
397 412
25 31
1397 1409
765 768
449 464
908 919
89 84
247 251
246 247
648 650
622 625
1371 1372
861 863
631 632
640 648
1342 1346
342 344
462 466
277 279
385 389
1070 1073
665 668
420 424
174 180
230 233
46 49
442 446
392 393
505 519
824 825
399 402
93 95
208 209
755 758
1285 1291
305 312
203 208
212 213
353 362
730 732
182 185
279 284
1423 1431
320 325
1185 1186
410 419
705 711
1422 1423
142 154
1089 1103
871 890
603 605
119 124
661 665
1402 1405
15 17
538 539
954 959
1149 1165
1395 1396
106 107
753 754
842 847
1199 1209
214 225
748 753
109 110
466 467
1222 1223
668 684
917 919
292 297
243 246
1209 1216
1226 1227
1118 1133
274 277
911 914
312 320
1434 1440
419 420
1180 1185
1391 1393
782 783
262 273
3 8
565 571
1064 1070
1084 1089
605 606
1367 1369
209 212
1356 1357
124 126
368 371
431 433
448 449
107 109
658 661
51 86
1170 1180
863 871
1301 1310
484 496
928 936
691 705
1073 1079
325 342
192 197
14 15
684 691
168 174
959 978
1227 1238
1330 1331
396 399
1346 1350
899 906
1144 1145
938 939
1241 1257
1350 1356
1331 1342
185 186
890 894
919 922
1026 1035
449 451
1257 1280
571 576
40 44
469 480
837 842
389 392
289 292
783 799
539 540
1291 1301
1370 1371
1036 1041
606 622
44 46
1133 1144
803 824
362 363
769 782
1186 1190
180 182
629 631
625 629
847 848
732 735
159 161
531 534
303 305
299 300
344 353
96 97
253 262
161 168
1013 1026
540 541
141 142
10 11
763 766
594 603
1041 1042
851 860
894 899
424 431
1046 1059
1238 1241
948 952
95 96
11 14
467 469
1107 1112
1389 1391
273 274
406 409
69 23
77 82
82 83
835 843
873 878
36 38
334 336
743 749
739 743
1104 1105
738 739
547 561
818 819
463 468
24 29
765 769
957 961
262 265
896 897
1021 1022
1327 1334
792 793
617 630
773 775
697 699
717 726
927 932
96 97
942 955
771 773
574 575
934 939
265 267
11 16
897 898
1024 1027
1140 1141
898 913
38 39
46 51
867 873
1377 1385
1215 1218
398 414
757 765
988 999
1029 1037
1171 1179
1400 1402
569 573
524 527
1119 1121
913 915
1038 1039
563 564
1101 1104
1218 1224
51 56
1002 1006
1407 1413
19 21
1015 1016
1320 1323
351 353
58 65
1345 1350
414 421
1276 1279
1093 1100
35 36
1006 1015
283 291
329 334
972 977
567 569
181 205
749 751
726 727
630 632
1402 1407
589 590
1313 1320
243 250
564 566
503 517
1085 1087
754 757
1141 1148
834 835
575 588
732 733
88 96
603 617
79 90
594 611
90 103
325 329
1177 1182
406 412
571 572
929 930
611 631
489 490
958 975
388 389
525 527
790 791
1212 1226
423 425
287 295
673 675
894 899
1120 1127
855 870
1283 1289
139 141
227 240
541 548
782 790
653 664
306 313
847 854
676 684
1190 1192
1345 1347
513 514
314 319
707 711
664 667
155 159
389 390
944 947
1140 1141
355 366
319 322
1390 1398
899 903
1269 1283
780 782
352 355
667 673
519 520
166 176
403 406
394 403
195 196
349 352
729 731
1347 1364
1423 1439
1129 1131
1205 1212
1242 1268
212 213
1332 1345
748 753
1031 1041
1153 1164
516 519
1116 1120
442 450
926 929
985 993
520 522
1164 1177
1138 1140
1238 1242
474 477
930 932
820 827
1376 1378
952 958
185 195
1389 1390
647 653
425 442
329 341
818 819
180 184
1422 1423
527 541
1092 1099
491 495
1142 1152
870 874
53 71
501 504
1289 1298
28 34
713 715
1004 1013
497 501
419 423
34 43
1182 1183
345 349
572 578
1099 1110
1079 1087
176 178
1405 1419
1152 1153
684 689
376 377
1141 1142
827 831
313 314
975 985
951 952
135 138
831 847
1025 1027
495 497
903 921
550 571
159 161
1371 1376
490 491
874 877
1299 1328
939 944
854 855
995 1004
631 632
103 135
1187 1189
522 525
578 592
675 676
1378 1389
993 995
366 371
322 325
1087 1092
643 647
22 28
764 769
1398 1399
390 394
141 155
1439 1440
17 22
1364 1371
812 818
1183 1187
295 298
161 166
269 270
514 516
932 939
877 894
1076 1079
213 214
743 748
341 345
731 736
13 17
1110 1116
1131 1132
178 180
1204 1205
196 212
415 419
0 100
269 276
583 589
690 693
1164 1172
1043 1047
414 416
700 701
93 96
715 718
322 325
634 641
14 26
834 839
801 808
50 56
748 751
1235 1237
659 668
508 510
5 13
393 395
1259 1260
658 659
1295 1301
963 973
1032 1039
372 373
676 677
115 117
1029 1032
576 583
528 539
445 457
380 386
1288 1294
1260 1266
746 748
1151 1153
1351 1358
1083 1084
545 549
1266 1268
800 801
948 950
499 501
929 938
1047 1071
711 715
192 194
950 952
46 50
973 975
45 46
77 79
1330 1332
632 634
1140 1148
314 316
478 482
1438 1440
650 651
1276 1277
482 488
153 163
1370 1376
224 229
1179 1182
1017 1018
1182 1192
1177 1179
623 632
777 783
1251 1252
13 14
649 650
693 700
168 182
501 504
378 380
497 499
1019 1029
653 658
1109 1119
85 91
1229 1235
958 963
1358 1370
952 954
916 921
873 880
596 600
600 616
1174 1177
122 123
1004 1006
165 168
1072 1074
61 72
1153 1164
730 736
69 52
67 69
395 410
494 497
760 764
553 554
481 483
675 677
335 346
1137 1140
696 698
989 1003
513 518
460 461
43 46
659 665
1054 1062
1244 1258
840 844
1099 1106
1355 1369
1369 1376
1273 1279
1140 1146
1030 1036
1062 1064
1399 1405
26 28
79 102
185 186
512 513
483 494
1154 1169
238 247
118 144
1290 1298
617 619
356 363
570 574
234 235
235 238
941 967
860 892
967 969
764 791
1087 1088
604 617
619 627
370 395
497 512
16 26
281 282
204 223
754 760
347 353
102 109
283 285
47 56
554 555
739 741
353 356
844 860
467 469
28 34
909 935
1258 1270
526 538
442 447
421 426
1216 1229
144 178
73 79
935 941
1405 1416
287 292
1036 1054
698 699
318 320
969 986
69 73
986 987
461 467
595 604
262 281
417 421
706 729
538 553
224 234
247 258
1020 1022
892 896
1121 1125
114 118
112 114
1196 1206
178 185
367 368
447 460
368 370
1376 1391
1088 1099
292 295
574 595
313 314
656 659
1416 1440
1206 1216
555 564
987 989
1270 1273
1169 1193
665 675
566 570
791 823
186 204
627 628
688 696
685 687
731 733
826 840
320 335
1005 1020
25 76
1339 1341
446 470
1256 1266
357 371
809 814
129 143
432 438
308 323
1068 1077
875 878
1217 1218
915 928
751 760
323 336
338 341
1366 1368
379 388
1320 1325
305 308
1197 1199
651 661
21 31
38 41
993 1006
258 262
1251 1254
683 691
1006 1019
571 572
347 357
251 255
1241 1242
247 251
1026 1033
195 210
388 403
988 991
336 338
682 683
1056 1063
1132 1137
1297 1307
650 651
1186 1191
1218 1221
1080 1090
154 166
341 342
1341 1346
1349 1356
1216 1217
949 957
1290 1297
410 413
1357 1362
764 774
814 840
1335 1339
288 293
840 844
16 21
505 515
945 946
1108 1110
641 643
14 16
663 668
677 682
99 108
1165 1186
946 947
774 775
726 734
720 726
1309 1310
1201 1216
1094 1095
1242 1251
569 571
1191 1195
624 634
572 579
1266 1270
403 410
43 55
1199 1201
1356 1357
991 993
424 432
219 244
957 962
844 852
1221 1227
619 624
1049 1054
1054 1056
262 263
215 219
473 476
1039 1049
108 111
49 64
879 882
1264 1267
540 566
120 127
756 760
1191 1203
1153 1154
310 316
320 323
110 115
287 298
1188 1191
615 631
427 434
238 239
243 249
631 634
702 735
47 50
902 912
78 88
816 827
1015 1016
116 120
316 319
434 440
1016 1017
130 137
258 259
1337 1371
1235 1238
1435 1440
159 173
1133 1141
1427 1435
1247 1264
1017 1018
1000 1015
1147 1153
1096 1109
349 357
1321 1327
681 684
88 100
499 517
298 303
993 995
780 793
521 535
460 466
446 454
858 859
1109 1133
50 52
688 698
912 921
30 39
55 57
921 942
1068 1069
863 876
735 756
198 236
876 879
835 853
319 320
1391 1395
634 645
1327 1337
59 78
896 902
645 655
1187 1188
1070 1086
1089 1092
444 446
986 991
995 1000
1062 1068
137 151
58 59
414 420
656 664
1373 1385
655 656
57 58
249 258
1221 1226
1395 1417
440 443
1310 1321
1055 1061
53 55
420 427
1156 1187
612 614
942 944
956 984
698 702
24 30
466 494
859 863
664 665
303 307
1092 1096
1141 1147
151 153
1025 1055
323 331
52 53
591 612
590 591
1061 1062
35 72
941 942
885 889
391 397
622 628
402 407
1354 1358
1244 1251
17 18
328 329
955 959
1324 1331
827 830
1147 1150
419 424
981 984
816 817
18 20
1410 1411
103 104
614 621
1366 1367
1093 1097
213 220
385 391
1352 1354
705 709
1153 1184
1124 1147
690 694
1373 1378
976 978
628 638
572 579
32 37
942 952
559 572
89 91
959 968
74 76
110 111
104 106
638 640
76 77
1321 1324
518 521
1119 1123
116 139
1088 1093
1346 1352
1438 1440
1252 1257
3 6
711 714
462 465
840 841
745 767
1077 1079
93 97
830 836
57 60
1214 1216
685 690
1257 1258
144 164
1269 1283
1079 1080
1024 1032
1032 1041
41 57
1416 1438
788 790
640 644
1185 1192
908 920
937 938
1013 1024
819 821
1066 1075
470 478
246 257
282 291
1080 1088
478 479
411 412
446 448
836 840
1224 1228
372 377
6 17
952 955
784 785
91 93
588 597
1239 1243
786 788
397 402
1287 1296
608 610
1217 1224
452 453
1012 1013
526 530
496 499
535 540
991 992
984 991
920 937
31 22
988 1032
820 840
537 543
139 160
166 203
281 290
926 936
909 926
567 576
801 820
1264 1277
84 139
330 430
39 55
55 56
1132 1154
601 635
1061 1120
689 695
594 598
1378 1383
473 478
470 472
840 886
430 442
445 450
1221 1262
645 689
1032 1044
160 166
543 565
712 726
784 788
56 84
695 701
1434 1440
565 567
472 473
478 488
788 800
442 445
507 537
211 249
325 330
598 601
1322 1376
1190 1208
576 594
249 281
936 938
1285 1322
1262 1264
450 470
10 100
456 461
53 57
1214 1215
675 679
622 630
1359 1361
1361 1380
207 211
74 75
596 608
1405 1406
470 478
1435 1439
111 116
1344 1345
1122 1125
319 323
121 123
543 545
709 714
1063 1067
1355 1357
891 910
108 111
292 293
270 273
1150 1151
1020 1024
1243 1249
660 668
1223 1231
361 365
608 613
613 617
79 96
646 650
820 830
654 659
317 319
182 183
1418 1427
1149 1150
1085 1086
921 924
946 953
787 791
23 36
945 946
221 224
1311 1312
382 385
161 162
1034 1039
846 857
218 221
754 767
889 891
1266 1268
167 173
953 954
302 307
1357 1359
1030 1034
1132 1136
747 753
870 880
1112 1115
120 121
280 282
691 697
1280 1289
1045 1053
341 342
1176 1178
478 480
791 795
282 290
345 350
1216 1223
428 430
690 691
385 388
328 334
310 317
224 235
71 72
933 938
962 965
1439 1440
1380 1388
1352 1353
307 310
565 567
796 798
570 578
668 670
391 417
173 177
177 182
277 280
643 644
630 631
959 962
1314 1317
809 813
1349 1352
417 423
1276 1278
1125 1132
1178 1180
2 0
10 360
1080 1430
7 32
16 119
195 238
718 721
1229 1230
13 16
774 825
1195 1229
1167 1176
1278 1285
172 195
258 262
508 517
1109 1131
1103 1109
640 659
601 619
825 836
836 839
1230 1249
545 572
238 258
411 421
377 411
1348 1355
721 726
1418 1419
262 267
1010 1049
277 278
726 738
572 594
267 277
738 757
1249 1278
1355 1418
1285 1287
839 876
443 457
923 968
17 5
960 979
508 539
75 137
260 273
1361 1397
555 573
184 200
1089 1162
137 138
373 382
435 508
1276 1319
1162 1172
889 952
1212 1242
1338 1341
237 260
61 75
539 552
1425 1440
1249 1276
1049 1085
0 2
11 361
1080 1440
14 40
935 936
247 250
489 492
1405 1411
585 588
1064 1076
1392 1395
1334 1335
588 601
863 867
784 790
613 614
197 202
561 575
1013 1014
768 774
777 784
944 961
4 26
296 301
1230 1240
997 1001
44 57
176 181
714 715
235 240
167 176
665 685
378 402
983 989
1222 1228
1343 1350
415 417
920 931
1076 1080
502 505
884 886
905 920
548 549
314 316
706 709
1004 1013
417 428
972 974
492 495
1335 1336
791 795
341 350
442 451
413 415
1395 1402
1197 1205
1252 1267
136 147
61 52
1042 1048
1201 1203
1361 1363
882 890
223 229
508 509
535 541
1391 1404
441 446
502 503
824 837
1364 1366
132 134
909 910
1432 1440
336 337
698 699
947 959
640 644
1083 1084
837 852
998 1001
652 653
1064 1074
1105 1115
1238 1241
1101 1105
348 358
973 981
1075 1083
193 201
693 698
1420 1421
402 405
659 666
708 710
522 525
485 492
99 107
492 502
1140 1144
712 713
119 132
180 191
299 313
1186 1189
614 615
293 299
871 872
1120 1125
28 32
1404 1405
331 334
658 659
1317 1327
750 759
415 429
229 233
1259 1263
972 973
789 813
1287 1306
959 962
1171 1175
32 49
637 640
699 702
666 678
686 693
1376 1377
278 280
233 234
653 655
286 290
890 903
238 239
1164 1165
49 52
364 365
337 340
588 602
994 998
1032 1037
628 629
1144 1164
280 286
644 651
526 529
12 28
1119 1120
1348 1349
545 547
340 348
1405 1409
154 180
1074 1075
569 580
52 60
759 764
358 364
509 513
429 440
868 871
702 706
930 936
1125 1137
713 716
922 925
615 628
1372 1374
991 994
218 223
134 138
39 29
644 646
976 989
230 232
847 862
117 121
1211 1226
154 166
314 317
178 180
1166 1171
1260 1262
283 287
340 341
457 471
1056 1058
74 78
576 582
518 523
888 924
537 539
925 928
3 36
372 375
1058 1059
1424 1428
1156 1166
367 372
212 214
870 872
1198 1211
327 333
1306 1315
1094 1097
606 607
517 518
47 53
1374 1381
1316 1324
607 644
89 99
1248 1252
1411 1417
599 603
233 244
1299 1306
951 957
766 769
603 606
689 693
1113 1114
1114 1121
1121 1144
970 976
402 410
582 596
1099 1113
1285 1294
313 314
1231 1234
1062 1065
190 212
693 701
333 340
322 327
1400 1406
945 947
387 402
513 517
96 98
515 518
964 969
1174 1186
658 674
299 300
1171 1174
372 375
798 799
1346 1348
624 634
720 724
832 834
713 720
685 686
1335 1343
1033 1035
292 299
547 548
587 588
841 848
877 885
799 809
992 994
1170 1171
29 30
734 735
1107 1112
1044 1061
638 648
903 906
324 327
684 685
448 450
130 143
202 204
725 731
1266 1269
267 272
1365 1384
893 897
1273 1274
566 571
143 144
1200 1204
1348 1350
953 956
543 547
818 829
756 778
562 564
311 324
724 725
575 576
56 61
834 841
1161 1170
12 20
1252 1253
488 489
157 178
361 366
1305 1309
23 29
334 335
653 658
973 991
459 461
741 745
829 832
778 788
1390 1399
1112 1113
1030 1033
43 56
498 499
1304 1305
1274 1278
1283 1304
1399 1403
39 43
994 1004
204 207
1144 1161
272 276
327 334
1035 1044
30 39
378 396
1101 1107
111 126
144 145
308 311
250 256
731 734
420 437
1011 1030
489 498
932 936
1080 1084
1263 1266
1434 1440
678 681
440 443
302 307
1117 1122
194 202
228 231
1253 1262
1350 1353
674 678
634 638
20 21
1269 1271
1403 1434
694 695
1353 1365
367 372
959 963
906 932
797 798
648 653
243 246
1004 1009
1309 1327
352 361
99 109
485 488
256 260
1084 1101
376 378
554 562
897 903
564 566
886 888
860 877
1204 1219
585 587
482 485
1334 1335
589 622
888 893
1251 1252
1186 1189
1278 1283
450 459
300 302
231 237
588 589
518 519
686 694
375 376
809 818
963 964
571 575
1271 1273
706 713
223 228
209 223
519 520
956 959
510 515
525 540
61 78
145 151
1343 1346
577 585
1219 1242
207 209
1384 1390
83 87
1128 1133
788 797
522 525
1328 1334
936 953
695 701
1189 1194
237 242
439 440
1194 1196
848 860
396 420
735 741
187 194
109 111
276 292
246 250
465 481
81 83
553 554
2 12
520 522
178 187
1262 1263
0 2
541 901
180 540
87 93
1420 1422
13 16
34 36
196 201
459 460
727 731
633 634
785 786
1430 1432
771 778
474 478
1217 1221
418 419
999 1004
1248 1257
855 872
1395 1397
615 621
402 404
27 34
361 379
890 900
1432 1435
315 317
317 322
256 257
1221 1225
71 76
762 769
406 407
1004 1017
326 330
1066 1071
244 245
379 381
325 326
734 737
1199 1203
1264 1265
388 395
274 285
336 348
511 513
522 528
1327 1333
1398 1401
1019 1022
1435 1437
913 922
1232 1234
1111 1115
985 988
1104 1106
1282 1292
210 213
448 459
759 762
611 615
1057 1058
424 427
1228 1231
1131 1134
715 716
1211 1217
258 268
159 161
1186 1193
401 402
52 53
888 890
1017 1019
731 733
504 506
419 421
1058 1065
551 552
70 71
638 644
305 315
711 713
806 808
1373 1374
1234 1235
1173 1180
59 70
1301 1302
657 665
21 27
1243 1244
1225 1227
232 238
1348 1352
1315 1319
610 611
405 406
422 424
956 962
1363 1368
1380 1382
1292 1301
741 750
1312 1315
1047 1057
710 711
427 429
1123 1125
101 104
157 159
473 474
676 681
36 52
1125 1131
1402 1407
1065 1066
1260 1264
625 627
962 967
104 105
1401 1402
1385 1388
407 413
934 939
1152 1157
491 499
1227 1228
395 399
993 996
1157 1160
1022 1030
1235 1239
1343 1348
967 968
429 430
1082 1088
1193 1196
838 842
132 148
644 656
925 930
169 171
1244 1248
467 468
901 904
801 806
541 551
828 829
95 101
1172 1173
222 224
842 844
778 780
1397 1398
786 790
1106 1107
1071 1082
672 674
181 182
528 532
1319 1325
268 269
566 569
201 205
463 467
182 184
330 331
348 352
631 632
16 19
1303 1307
507 508
872 878
1088 1094
1338 1341
76 90
1325 1326
1302 1303
569 577
1342 1343
1094 1104
334 336
29 72
1209 1218
1339 1340
457 458
242 245
711 713
1134 1140
1037 1038
45 53
608 609
200 203
326 331
1331 1334
1253 1259
105 115
1422 1423
390 393
1038 1044
142 143
254 264
1373 1377
94 96
809 811
1195 1204
1132 1134
478 481
1279 1288
609 617
526 534
1350 1362
153 156
549 558
264 267
735 736
1055 1056
558 559
458 470
377 379
952 962
1295 1312
703 711
1419 1422
562 564
1068 1070
916 917
887 893
37 45
785 787
1288 1290
1261 1263
1078 1083
865 868
1426 1429
441 442
788 799
1335 1339
497 500
963 964
414 418
713 735
66 71
782 785
502 503
203 209
483 486
2 3
1423 1426
1129 1132
311 320
1056 1061
72 76
3 6
418 419
35 37
1022 1037
565 570
883 887
1065 1068
926 940
1222 1229
320 326
289 291
1218 1222
335 339
26 33
1377 1385
421 422
1343 1346
1334 1335
962 963
438 441
1097 1105
1293 1295
1323 1331
209 229
1015 1022
79 85
76 79
1005 1009
811 818
184 185
239 240
74 37
223 224
569 570
327 337
159 162
4 10
915 919
67 68
207 218
891 901
1290 1293
142 144
180 181
406 411
1379 1392
534 539
436 439
307 326
590 594
709 717
1156 1158
647 655
689 697
422 436
1202 1207
21 28
1327 1329
587 590
585 586
876 878
513 530
1352 1364
530 534
901 905
935 939
389 406
843 845
1199 1202
326 327
255 259
466 476
626 630
1283 1288
845 852
358 371
1060 1062
1325 1327
1342 1347
1137 1156
586 587
414 422
1334 1338
507 513
503 504
1398 1400
741 760
93 98
448 452
172 180
302 307
684 689
1014 1017
270 271
1254 1265
1242 1244
878 891
249 250
791 813
920 923
376 381
570 581
1288 1290
98 108
919 920
1133 1137
1169 1174
439 445
719 724
261 265
52 56
284 302
1007 1008
697 704
337 340
1251 1254
56 60
181 184
607 626
870 875
32 35
1270 1278
1227 1242
979 990
1117 1120
1392 1398
581 585
371 376
760 773
814 826
154 159
853 861
1364 1373
539 558
840 843
558 567
1278 1281
1190 1199
1411 1431
60 67
91 93
1434 1440
476 482
2 0
10 360
1079 1429
1 71
989 991
623 637
218 222
1258 1261
595 600
609 620
344 351
1021 1028
1122 1124
925 928
80 81
81 88
1108 1122
454 475
41 51
391 393
281 303
1280 1286
1062 1072
1249 1253
1296 1300
1165 1171
1233 1247
351 357
411 417
439 454
475 487
998 1021
648 649
385 391
1279 1280
1224 1233
1419 1426
233 279
393 410
229 233
1288 1296
169 170
366 378
727 728
1372 1407
279 280
1124 1129
108 112
519 531
29 31
531 535
1054 1062
1163 1165
311 317
168 169
620 621
1309 1320
518 519
544 577
503 518
410 411
1304 1305
499 503
430 434
647 648
1072 1086
421 428
181 184
428 430
209 218
1178 1198
760 765
778 779
937 950
1219 1220
418 421
79 24
558 560
1165 1169
1250 1255
1321 1323
504 508
526 533
1363 1365
869 873
1058 1059
7 20
1055 1058
1365 1369
966 972
819 827
1265 1270
641 653
339 347
1073 1080
614 616
218 219
671 672
770 773
219 220
579 587
578 579
316 319
303 306
210 215
79 89
1371 1400
890 894
1186 1191
508 512
773 779
879 890
266 271
37 43
206 210
129 130
503 504
92 106
1369 1370
1402 1424
787 788
292 299
688 689
1296 1299
751 753
873 876
670 671
1219 1226
560 561
1029 1043
1209 1216
89 92
653 662
864 868
1131 1139
561 578
156 159
176 180
1216 1219
437 444
623 630
43 60
60 65
1059 1063
1433 1440
173 176
714 715
630 635
380 386
594 595
1360 1363
616 623
1315 1316
598 604
1169 1185
1303 1308
1019 1022
319 324
471 487
852 864
1084 1085
23 25
168 171
163 168
1191 1203
1085 1087
912 916
489 490
1064 1065
245 259
1299 1303
27 37
672 688
412 417
220 231
689 691
141 148
512 525
360 361
1023 1027
22 31
736 740
783 792
683 704
994 1003
1398 1402
460 467
273 288
675 683
803 804
1144 1153
1032 1074
596 600
1241 1247
1080 1108
1194 1199
555 561
1284 1292
319 320
1319 1325
1247 1272
413 416
1314 1319
1190 1194
1434 1440
266 273
793 803
878 880
1228 1233
325 336
1223 1228
243 252
57 70
731 736
768 776
50 57
336 339
600 619
405 413
1292 1309
1418 1426
393 405
1183 1190
1175 1180
880 897
1003 1006
766 768
1358 1370
484 555
704 712
252 261
1414 1418
418 424
760 766
6 58
1084 1087
1380 1388
1167 1168
961 973
39 45
646 653
159 169
109 111
34 39
481 491
572 577
1098 1099
1239 1250
692 695
1071 1077
408 409
1206 1215
1079 1081
406 408
200 209
1055 1057
814 817
1423 1427
316 318
405 406
638 640
45 59
833 839
302 304
1231 1232
251 252
577 585
409 411
695 696
805 814
823 827
1066 1068
1134 1147
502 505
1400 1406
918 922
244 251
1166 1167
491 492
438 447
1349 1350
520 522
713 724
448 452
859 877
211 217
900 908
1438 1440
466 472
615 621
1390 1395
635 638
391 394
411 414
585 594
64 66
887 895
594 598
773 775
75 32
1172 1178
253 255
644 645
335 344
1011 1014
4 10
191 197
729 730
974 981
1090 1093
94 102
797 800
668 669
1190 1199
844 846
185 190
1049 1052
1339 1341
1202 1228
614 617
749 755
831 835
737 738
55 69
851 856
331 335
1286 1295
570 581
1147 1156
428 433
655 668
1052 1063
116 117
288 301
856 875
519 524
1124 1128
401 406
3 4
611 613
358 381
1297 1298
569 570
1094 1096
1066 1069
1188 1190
1028 1030
931 932
454 460
276 288
1300 1310
1359 1362
89 94
69 74
738 747
1298 1300
898 903
547 555
993 1011
1024 1025
766 768
301 306
903 907
936 939
939 953
709 721
413 419
542 547
598 602
225 235
747 749
109 110
486 497
582 596
683 689
219 225
102 109
981 984
112 116
602 604
110 112
1199 1201
907 915
25 31
425 428
1282 1286
1063 1066
697 703
140 144
263 270
971 974
1312 1319
74 89
765 766
1362 1366
617 633
824 826
1358 1359
52 55
530 540
1423 1427
503 510
596 598
497 503
1388 1391
730 737
381 398
29 59
606 624
971 985
385 410
1269 1271
799 800
238 240
273 280
1055 1062
892 894
932 939
29 30
428 438
1258 1259
22 29
64 67
164 169
280 289
224 238
156 164
907 914
737 742
290 294
1181 1182
589 594
802 804
967 971
927 932
1348 1353
262 263
460 463
998 1001
508 512
966 967
471 479
1314 1318
1346 1348
330 340
994 998
311 319
132 140
726 727
152 153
1309 1311
1226 1230
1249 1252
1235 1242
1214 1217
884 892
1328 1331
762 764
1281 1293
1013 1020
587 588
340 352
849 851
383 385
751 754
294 307
368 374
221 222
1353 1354
260 262
761 762
764 767
685 688
1367 1373
557 562
633 634
636 638
857 869
1279 1281
67 68
463 471
1404 1408
742 749
379 383
634 636
438 452
953 956
869 870
374 379
1137 1140
581 587
632 633
361 368
1308 1309
116 117
1152 1161
63 78
99 101
909 915
70 71
200 201
758 762
46 53
1119 1131
668 670
833 835
1208 1213
265 271
1136 1142
466 470
1243 1248
492 501
508 522
940 951
37 46
419 422
103 104
92 99
413 415
1298 1301
278 287
320 324
1316 1327
1179 1180
687 688
409 411
532 533
1235 1243
325 334
615 626
1186 1188
718 722
1180 1181
735 740
411 412
271 273
1107 1109
981 1000
23 37
1278 1279
192 194
357 358
479 483
337 347
526 532
672 680
1314 1316
159 162
242 245
365 367
662 664
1131 1132
649 657
304 305
1290 1295
917 923
544 545
788 796
136 139
273 274
884 885
486 492
55 70
233 238
471 479
387 394
808 817
819 826
363 365
1428 1430
596 603
139 140
1377 1388
1056 1063
1178 1179
1364 1365
324 325
397 400
870 878
708 718
1030 1031
118 121
1142 1150
395 396
1053 1056
786 787
741 742
689 697
545 558
1192 1196
657 662
1360 1364
104 109
586 590
180 185
358 363
199 200
1404 1410
113 115
732 735
305 307
571 572
885 887
562 563
367 369
628 629
629 647
1012 1030
355 356
212 218
770 774
536 544
1152 1153
218 233
434 438
369 375
401 409
1251 1256
887 888
915 917
250 253
1284 1286
832 833
307 317
238 239
121 123
109 113
289 304
1327 1333
74 76
129 132
461 462
152 154
670 672
154 159
438 444
1032 1051
445 453
85 27
961 966
99 103
1156 1159
630 633
605 606
857 862
349 356
1094 1095
1067 1068
393 415
786 796
1370 1386
493 504
1100 1101
1363 1367
164 167
12 15
226 244
1255 1257
1422 1424
199 203
650 655
573 576
597 604
743 751
53 54
1203 1216
990 992
314 318
167 168
301 303
593 597
144 146
1232 1235
1217 1219
31 43
454 458
1362 1363
415 425
10 12
54 56
459 460
1061 1062
1424 1427
1201 1203
1001 1003
319 324
484 493
341 343
636 641
1149 1150
52 53
669 676
24 31
107 114
176 179
1159 1173
612 613
1148 1149
1438 1440
1325 1348
1277 1285
206 216
1177 1187
699 702
925 926
225 226
656 661
1095 1100
725 732
82 86
641 650
1367 1370
949 950
277 281
989 990
1145 1148
966 982
896 897
613 619
1241 1242
702 714
1253 1254
140 141
96 99
356 360
60 66
175 176
180 182
992 1001
862 871
717 725
899 902
222 225
255 262
1296 1308
281 288
982 989
76 82
576 589
66 76
1173 1177
1412 1413
318 319
758 761
343 349
533 534
1318 1325
751 756
1252 1253
606 609
889 896
51 37
477 497
321 331
331 332
652 671
1375 1387
1026 1035
415 423
101 103
423 429
127 137
1050 1077
1394 1396
504 509
332 338
700 720
350 362
403 409
933 958
1035 1045
396 402
1392 1394
204 238
249 255
873 905
623 628
338 350
1169 1184
509 557
255 295
754 755
999 1026
1396 1399
1371 1375
747 754
1302 1327
45 52
1332 1347
1399 1422
1243 1259
377 396
1234 1243
611 623
1259 1261
836 850
958 961
295 302
33 45
1145 1169
238 240
1096 1135
497 504
195 204
443 477
964 988
137 166
166 195
1347 1371
671 700
1327 1332
240 249
1195 1234
1283 1302
720 747
637 652
587 611
103 111
628 637
409 415
755 779
1045 1050
1261 1278
302 321
557 587
1093 1094
372 377
806 836
1422 1440
1135 1145
1094 1096
402 403
913 930
930 933
1278 1283
905 913
1387 1392
111 127
1184 1195
779 806
49 81
810 812
1414 1430
684 686
116 120
1409 1413
543 555
1253 1261
1430 1440
1135 1144
506 507
55 94
1383 1406
461 471
1157 1171
490 501
962 978
114 116
247 268
11 15
230 232
749 761
779 786
1406 1409
564 584
704 711
670 684
347 351
338 347
110 114
817 825
1182 1188
686 703
427 430
658 665
98 104
35 36
555 560
1010 1018
788 805
614 617
471 490
1229 1233
184 187
812 817
1298 1334
584 595
888 893
120 123
31 35
1058 1079
1281 1286
296 299
1342 1344
517 526
853 861
560 564
879 888
187 191
123 138
617 631
740 747
36 43
761 779
1286 1298
1204 1222
526 528
1344 1357
104 110
1171 1174
166 172
235 247
893 919
6 11
1023 1031
1128 1135
327 336
665 670
414 426
138 143
805 810
640 658
747 749
146 148
336 338
1174 1182
43 44
426 427
631 632
501 506
711 725
1145 1157
1109 1120
430 456
1018 1023
94 96
191 210
1079 1090
1357 1361
1380 1383
210 220
268 281
1120 1128
1261 1263
725 727
978 992
632 640
232 233
233 235
528 531
531 540
1222 1223
1413 1414
15 31
1031 1039
299 303
315 325
303 315
50 55
1266 1271
44 46
507 517
840 853
325 327
172 184
1263 1266
1339 1342
1144 1145
351 414
46 50
1271 1281
100 100
644 652
748 751
854 857
770 774
1230 1233
1015 1017
279 294
179 187
931 942
326 335
986 989
422 429
857 863
1043 1045
1172 1176
502 508
743 748
885 887
319 321
876 877
104 108
398 401
980 986
1225 1228
828 842
1191 1196
1163 1166
1167 1168
429 430
160 165
1374 1375
267 279
627 628
1157 1163
696 700
335 343
569 571
751 760
28 44
1270 1273
257 267
456 457
1069 1074
672 673
149 159
1365 1374
1381 1387
22 27
542 553
913 914
707 712
1339 1350
1067 1069
896 906
1404 1405
921 927
536 542
390 398
1228 1230
1040 1043
142 145
1245 1251
1429 1431
159 160
826 828
1054 1056
191 193
315 317
214 220
1357 1358
1151 1152
1017 1029
1166 1167
1168 1172
472 480
906 908
683 691
1211 1218
1390 1392
818 819
416 422
959 974
57 60
374 375
1394 1396
1045 1050
1314 1316
1152 1157
909 913
812 818
695 696
1361 1365
882 885
73 84
887 896
1201 1207
630 632
317 319
165 168
1178 1181
612 617
875 876
704 707
721 743
517 524
404 416
767 770
1149 1151
1127 1149
375 376
995 1000
440 455
493 499
774 787
1185 1190
169 174
1102 1127
1260 1270
490 493
193 201
168 169
1000 1014
297 315
879 882
499 501
1405 1426
1076 1082
1358 1361
103 104
1207 1211
1379 1381
1350 1357
1181 1183
617 627
145 148
1190 1191
27 28
174 179
251 254
387 390
820 826
760 765
201 202
993 995
148 149
989 993
385 387
842 849
603 612
819 820
1082 1098
1233 1245
247 251
571 598
849 853
667 672
553 569
927 931
508 514
632 635
1050 1052
84 103
1392 1394
712 721
765 767
673 683
1098 1102
874 875
877 879
50 54
294 297
109 114
16 22
254 257
220 227
1330 1339
1029 1040
524 531
321 322
202 214
347 357
501 502
1316 1330
457 472
379 385
1014 1015
1387 1390
187 191
114 142
6 16
108 109
44 50
908 909
942 959
1218 1225
433 440
652 667
1431 1440
635 644
455 456
17 66
827 832
881 887
624 643
266 270
832 847
1404 1407
1348 1352
959 968
670 678
557 567
11 17
433 435
194 209
1116 1117
388 400
996 1015
343 363
270 288
1290 1298
1395 1404
718 725
1058 1062
1254 1266
694 708
1352 1354
1271 1274
168 194
1093 1116
524 533
951 959
716 717
404 408
218 251
930 931
592 596
650 653
537 539
1354 1362
1274 1290
380 384
794 799
811 812
647 650
315 321
758 767
1427 1440
17 24
644 647
112 113
1362 1366
661 664
141 152
727 738
1413 1418
160 168
496 506
49 51
321 343
129 134
24 32
725 727
72 77
134 141
667 670
1298 1322
413 433
946 951
459 476
908 919
210 218
1138 1143
124 126
613 624
1025 1030
1015 1025
77 78
1331 1348
291 297
717 718
363 370
370 379
786 794
482 483
0 2
1080 1440
10 360
100 100
681 686
173 177
1331 1335
1146 1153
1367 1372
640 642
16 25
203 204
1158 1160
544 552
1153 1158
566 592
840 844
763 766
609 611
631 633
103 114
1078 1079
1164 1177
877 883
1057 1061
935 939
28 37
1202 1205
1208 1209
372 376
449 454
66 69
1000 1001
1123 1131
69 74
59 64
1101 1105
835 836
376 377
6 16
836 840
505 519
1424 1434
1281 1282
25 26
1343 1347
196 202
231 248
554 561
1255 1265
74 89
872 875
885 894
1131 1134
183 185
813 814
481 493
164 166
500 505
636 640
286 287
1120 1122
248 251
1205 1208
627 630
251 256
1023 1026
392 395
1036 1037
185 188
1418 1424
617 618
983 989
346 350
114 118
1010 1018
1144 1146
296 297
633 636
222 225
1177 1178
147 148
1178 1181
120 123
225 231
600 603
766 768
1321 1331
875 877
40 57
743 746
1335 1343
1357 1367
1075 1076
195 196
859 865
1026 1036
123 124
1062 1066
194 195
542 544
358 360
751 763
310 313
694 703
499 500
1376 1380
930 933
290 291
721 741
1160 1163
1296 1321
618 625
206 214
963 975
287 290
537 538
616 617
1251 1255
1007 1010
716 717
357 358
361 366
958 961
908 912
671 673
814 828
779 790
493 496
1134 1135
675 681
520 537
101 102
97 98
162 164
1052 1054
418 426
1163 1164
915 918
1079 1090
1076 1078
642 648
982 983
1141 1144
1395 1398
912 915
466 467
456 457
118 120
831 835
89 94
1241 1242
552 554
989 990
395 409
648 650
673 675
1090 1091
828 831
1434 1440
1110 1120
1415 1416
1001 1007
477 481
344 345
1066 1075
980 982
94 96
991 1000
976 980
345 346
918 919
950 951
145 147
377 392
1181 1188
768 770
448 449
686 694
799 801
1277 1279
148 155
713 716
204 206
360 361
1049 1052
1348 1357
1380 1385
444 448
124 130
1138 1141
1279 1281
791 799
1291 1296
1398 1400
1091 1100
1245 1251
366 367
941 950
1020 1021
214 222
367 372
202 203
1061 1062
50 44
1280 1286
773 779
494 512
1291 1330
1154 1159
177 183
680 683
154 155
1435 1440
1350 1356
790 796
281 292
1122 1126
452 453
1005 1007
1053 1058
183 188
135 136
779 782
689 696
1424 1433
722 735
884 890
539 540
814 817
817 829
665 669
424 429
481 485
360 361
1081 1086
103 105
218 221
490 491
1129 1135
1378 1386
454 464
1063 1075
1061 1062
1135 1136
1183 1190
719 722
1330 1333
770 773
437 440
1387 1391
1076 1081
1333 1334
159 163
1394 1404
1136 1143
1356 1367
429 432
1109 1110
1110 1115
1105 1109
150 154
173 174
909 913
376 382
976 982
474 477
301 306
929 939
646 648
78 89
1208 1221
273 279
1143 1144
858 862
7 8
1190 1191
1050 1053
1270 1280
413 424
174 175
973 974
974 976
8 14
49 50
230 242
332 334
608 610
45 49
625 626
299 301
1023 1047
560 561
963 966
1014 1018
862 884
672 677
712 716
893 909
80 49
477 481
761 767
592 593
1415 1416
774 780
825 827
1039 1041
307 312
280 287
32 39
516 521
570 579
1339 1341
1257 1285
278 280
1254 1255
395 396
1337 1339
873 874
1231 1238
706 710
242 249
108 109
1165 1171
627 629
1089 1105
485 491
976 980
348 357
123 130
155 165
59 63
634 641
742 747
1354 1360
677 678
889 907
323 346
971 976
1148 1151
43 49
210 213
470 477
1174 1180
392 395
101 103
288 292
1112 1115
501 507
678 679
407 415
717 720
233 242
265 267
13 15
249 250
1130 1142
103 108
655 667
448 454
535 548
1207 1231
1147 1148
423 424
1360 1361
1069 1089
415 419
1361 1362
857 866
1171 1174
498 501
467 468
145 151
736 742
1127 1130
371 374
780 800
1021 1022
1329 1337
141 145
151 155
493 498
652 655
856 857
109 117
672 676
679 687
165 176
253 255
878 879
6 10
579 585
1325 1328
1198 1202
1252 1254
512 516
646 652
1426 1428
454 465
1001 1014
849 856
839 849
698 700
509 512
69 74
1037 1039
1383 1399
874 876
980 983
198 203
1285 1286
374 378
204 210
1142 1145
250 253
1151 1154
983 985
734 736
1115 1117
1362 1367
10 13
294 298
189 192
1022 1025
548 570
1059 1062
960 971
90 101
1157 1164
50 50
762 778
1075 1089
1119 1131
252 256
860 869
1396 1405
915 919
969 970
805 845
970 971
707 710
470 487
1298 1323
337 343
497 500
1040 1053
1195 1218
1105 1106
1394 1396
256 274
1374 1377
1336 1367
459 466
1101 1105
293 312
160 180
1191 1195
778 805
1323 1332
347 393
1232 1233
107 111
450 459
491 497
230 240
53 86
678 679
34 44
274 293
394 397
856 860
710 732
30 31
1238 1249
975 988
648 654
547 555
1015 1040
557 576
31 34
214 223
223 230
397 424
643 648
581 601
343 347
240 247
1267 1271
903 908
86 91
1295 1298
964 969
1422 1440
1291 1292
887 901
424 426
654 668
250 252
690 700
850 856
1233 1235
111 134
104 107
1332 1336
668 675
1249 1263
10 21
757 762
1187 1191
501 511
1058 1075
1292 1295
528 530
1371 1374
446 450
426 430
988 1015
601 614
1131 1136
1229 1232
1236 1238
101 104
901 903
530 536
576 581
845 850
1089 1101
324 329
555 557
91 101
26 25
327 330
1326 1329
572 578
1011 1012
1271 1276
501 509
470 483
867 877
441 447
1350 1351
44 47
177 185
292 295
917 936
842 857
1148 1180
397 418
912 917
883 888
32 44
569 572
8 17
1139 1148
752 753
753 760
1015 1026
1066 1079
447 467
483 501
1351 1361
1314 1326
1258 1266
549 557
777 796
640 694
354 387
185 222
279 282
694 701
1278 1279
428 434
940 965
637 640
705 752
1221 1249
418 428
22 24
257 279
509 522
1026 1036
1342 1350
64 21
42 78
1213 1224
585 589
126 142
869 874
513 517
1350 1351
1396 1407
1378 1396
1363 1377
78 86
939 966
5 19
1262 1291
589 611
1194 1201
19 23
1082 1095
664 668
1122 1124
668 670
792 807
142 143
771 792
1175 1194
300 302
1144 1155
302 310
530 532
569 582
1098 1122
929 938
1095 1098
658 664
1128 1135
518 530
1430 1440
243 247
740 744
342 352
713 727
686 706
154 165
1236 1238
611 649
1155 1168
649 652
1168 1175
884 929
475 483
517 518
1238 1248
980 982
1377 1378
1224 1236
670 680
1138 1144
213 222
352 354
449 461
1135 1138
850 851
735 740
1351 1363
582 585
652 658
744 754
1314 1336
1407 1410
143 144
284 300
1309 1314
222 243
706 713
1250 1262
938 939
310 319
488 513
1073 1082
1336 1345
319 341
461 475
966 980
165 213
354 380
73 89
1147 1149
1391 1394
706 730
283 289
209 212
550 557
384 395
1193 1204
121 123
668 671
763 766
557 583
1410 1415
143 151
542 545
263 264
847 849
322 329
730 738
198 199
80 82
1159 1161
699 706
32 39
1110 1116
850 853
611 614
1311 1313
1005 1013
959 972
1328 1330
679 683
69 70
1351 1353
1150 1153
216 218
1308 1309
1180 1193
236 240
1054 1058
885 888
83 88
463 470
819 821
1271 1281
378 381
1399 1400
821 825
451 453
750 758
1426 1429
1394 1399
271 280
330 338
774 781
771 774
1333 1337
1429 1430
1382 1386
1353 1354
359 361
455 463
828 831
769 771
839 840
381 383
1281 1300
884 885
361 366
123 126
66 69
97 116
1368 1369
63 66
264 271
1377 1382
432 445
1313 1315
1256 1257
1031 1044
876 877
1257 1261
1436 1440
1366 1368
958 959
445 449
1386 1388
1079 1083
261 263
1322 1328
413 418
1161 1162
338 340
1363 1364
896 902
136 139
139 143
933 937
1176 1179
1210 1214
1027 1028
1153 1159
1415 1426
233 236
937 946
1300 1308
311 321
741 747
93 97
982 992
1016 1018
70 79
489 498
232 233
226 229
614 629
193 198
811 813
449 451
1205 1210
1070 1073
529 530
116 121
1223 1236
1339 1350
541 542
1364 1366
151 156
583 587
158 161
1249 1256
953 956
629 630
182 189
501 516
1013 1016
1315 1317
1048 1050
14 20
1265 1271
27 30
340 341
1109 1110
1432 1436
484 489
418 419
30 32
862 876
401 407
781 783
818 819
916 917
1050 1054
50 51
952 953
79 80
1337 1339
289 311
1116 1122
240 252
972 973
161 162
75 33
553 556
806 813
1230 1251
479 494
1323 1326
519 536
966 973
38 50
100 110
1066 1068
15 20
1195 1213
1373 1380
287 291
577 580
936 941
676 680
426 432
1213 1230
20 28
84 87
261 286
737 749
1429 1431
470 471
556 562
161 166
207 211
694 704
359 363
247 261
1088 1089
795 806
1431 1433
1153 1164
302 324
850 858
1089 1103
680 694
134 137
28 29
1114 1118
536 542
565 568
119 125
1138 1145
787 789
1274 1279
868 908
1319 1323
941 944
410 412
997 999
1255 1257
90 97
751 787
926 935
1165 1168
511 517
973 974
373 403
445 448
908 926
1009 1012
1046 1066
195 199
974 983
1164 1165
983 987
571 576
644 661
456 463
448 453
1168 1174
295 302
962 966
60 73
327 334
543 553
443 445
1326 1329
453 455
789 795
542 543
291 295
1151 1153
1272 1274
1126 1138
1174 1195
935 936
1300 1306
999 1001
576 577
992 997
463 468
597 605
403 409
110 119
418 426
1146 1151
326 327
858 865
517 519
624 635
1408 1429
471 479
562 565
412 418
79 6
1300 1322
1245 1252
793 814
362 363
1242 1245
673 675
261 274
350 352
473 492
1413 1421
932 945
945 950
323 325
753 770
135 146
637 647
1095 1106
860 864
34 42
1421 1422
669 672
1181 1188
348 350
1197 1201
635 637
887 894
902 920
665 669
118 135
921 932
1037 1069
1364 1366
246 253
42 47
195 198
394 400
1394 1396
257 261
1106 1108
1128 1132
983 1003
405 406
1396 1398
167 169
502 513
1147 1150
1350 1364
274 281
1132 1134
58 96
647 665
545 558
787 793
1373 1394
974 983
363 367
469 473
156 158
96 104
207 208
691 710
367 394
737 749
685 687
770 772
1108 1124
11 27
1297 1300
515 545
1322 1334
832 835
337 345
725 731
174 176
1124 1128
158 160
1150 1181
286 296
116 118
675 685
1074 1080
950 974
864 867
513 515
1343 1348
43 43
741 742
486 491
358 370
178 221
258 272
589 600
1332 1337
405 409
1390 1404
95 99
960 971
221 224
815 841
1265 1283
1409 1440
1084 1086
919 921
453 455
1292 1316
715 741
4 8
276 323
872 887
641 710
167 171
1126 1134
446 453
30 39
1368 1372
580 587
1004 1021
370 387
444 446
777 813
940 960
412 429
29 30
1138 1155
1337 1368
1155 1165
921 940
387 399
272 276
323 329
82 95
600 616
988 995
355 358
491 502
844 870
742 745
1021 1037
813 815
616 636
429 434
995 997
99 167
399 403
768 777
504 520
1404 1409
455 458
502 504
745 765
403 405
841 844
1237 1244
458 486
1263 1265
171 178
1051 1084
409 412
997 1004
224 244
1102 1126
344 351
1134 1138
587 589
550 580
1086 1102
1316 1332
1372 1390
1037 1051
8 26
636 641
244 258
71 42
362 369
1004 1012
99 100
91 93
848 853
393 394
1315 1319
300 313
1410 1423
954 962
545 557
1249 1250
123 134
629 630
332 334
1278 1291
1103 1122
97 99
487 499
267 271
499 500
401 407
1183 1194
838 846
334 335
1361 1370
804 812
1322 1325
532 539
43 46
1149 1162
944 950
936 942
833 838
977 978
1275 1278
1208 1210
1237 1240
38 42
901 904
1243 1245
597 614
892 899
14 16
1017 1022
93 97
766 770
734 736
1044 1060
978 987
1335 1338
639 640
799 804
1195 1202
594 596
648 658
932 936
730 734
905 910
678 686
753 755
236 238
950 954
701 706
988 992
1248 1249
749 753
795 799
686 688
1291 1293
342 348
21 22
420 429
22 23
323 327
226 236
992 997
1406 1410
1091 1103
407 414
387 393
177 182
591 594
1373 1377
271 273
1194 1195
430 434
879 885
85 87
558 561
773 786
28 31
899 900
789 793
176 177
997 1004
49 51
327 328
470 477
31 38
1072 1078
517 519
1031 1040
658 661
513 514
134 169
23 28
1060 1072
1308 1315
904 905
1210 1213
1078 1088
1325 1333
37 36
976 978
744 749
783 786
775 777
494 507
1409 1411
1411 1419
1400 1409
311 360
1173 1182
899 902
80 89
962 976
871 873
914 918
1143 1164
15 17
79 80
658 667
1106 1113
1298 1305
643 658
391 410
667 689
248 266
141 142
1297 1298
1371 1382
533 554
1095 1106
819 824
786 793
56 79
1278 1297
891 892
839 852
988 1003
8 12
633 643
978 988
907 914
1419 1440
793 806
1367 1371
362 377
1327 1345
166 169
1345 1367
1310 1319
1016 1021
210 223
203 210
958 962
1164 1173
360 362
870 871
578 585
935 958
162 166
824 839
489 493
1183 1198
690 744
303 311
507 508
689 690
817 819
861 870
100 114
1382 1385
508 516
17 22
1198 1202
47 43
707 709
194 195
468 471
653 656
932 935
45 56
769 772
177 178
727 728
1035 1044
608 617
1428 1433
1194 1203
461 468
1401 1403
227 228
574 596
81 88
212 225
1403 1414
251 254
256 258
1234 1235
152 159
522 523
268 270
1419 1428
716 724
506 509
145 151
732 743
754 758
646 648
232 234
623 635
161 166
1049 1051
556 557
91 93
1116 1117
237 238
520 522
166 175
79 81
1145 1148
860 864
709 713
509 514
923 926
1433 1440
1383 1387
249 251
239 246
1266 1276
95 97
97 107
178 184
238 239
553 554
529 532
246 249
41 45
891 896
333 334
656 665
1284 1290
523 529
702 707
677 678
606 608
475 486
1164 1167
1171 1176
1095 1096
977 990
515 519
1112 1113
546 547
964 969
1128 1129
450 451
40 41
1113 1114
999 1000
312 313
883 884
514 515
557 574
617 623
1122 1124
89 82
1083 1088
668 671
29 33
824 841
343 344
312 317
48 54
344 348
317 320
874 877
517 531
816 822
1054 1067
585 589
26 29
1381 1383
641 648
456 473
348 354
762 771
1091 1094
562 573
1191 1199
1295 1321
1423 1424
83 89
978 986
1366 1369
573 576
402 411
1258 1267
307 309
67 83
182 187
538 552
618 620
256 266
779 793
126 130
54 58
374 375
473 475
33 44
1217 1242
1094 1117
1285 1295
1242 1249
486 491
804 807
377 380
616 618
893 894
89 108
133 135
677 696
121 123
1267 1285
375 377
629 632
368 374
1173 1175
1349 1352
589 590
283 285
815 816
1033 1038
590 594
135 170
736 749
1088 1091
1187 1191
944 947
877 878
1343 1348
515 517
475 486
1067 1083
1000 1010
634 641
1424 1440
1010 1018
501 515
667 668
197 210
1321 1325
224 228
1018 1033
933 944
1417 1423
59 67
959 978
411 415
771 779
847 862
266 274
1128 1156
1409 1417
721 727
1156 1166
1249 1253
576 583
648 658
210 224
878 893
1175 1181
894 895
232 233
1325 1327
761 762
354 358
10 11
1383 1388
288 298
123 126
320 325
170 173
58 59
228 232
325 343
400 402
1199 1202
531 533
1166 1173
753 761
415 454
380 383
1327 1343
814 815
807 814
383 393
719 721
632 634
492 498
233 236
180 182
552 562
1038 1054
1118 1128
841 847
1369 1381
1202 1209
696 719
454 456
671 677
393 396
244 256
533 538
793 804
992 1000
727 736
986 992
187 194
615 616
1181 1187
666 667
658 666
1388 1402
583 585
397 400
309 312
285 288
1402 1409
1117 1118
491 492
498 501
947 953
953 959
44 48
749 753
194 197
396 397
2 0
0 360
1080 1430
79 96
81 88
950 954
645 652
772 780
1361 1370
286 287
1377 1381
938 939
456 457
26 27
1074 1077
1405 1409
1391 1401
719 728
1251 1252
1302 1308
1309 1313
583 585
872 876
1192 1211
801 807
1042 1044
605 608
1055 1056
377 379
1252 1257
1293 1298
780 795
452 454
1351 1355
743 745
1435 1438
1149 1153
79 81
124 130
1187 1192
693 706
692 693
94 98
976 979
745 753
1410 1426
1220 1223
138 143
731 737
433 436
643 644
954 961
920 933
939 940
300 307
1355 1361
1078 1083
1156 1158
436 442
274 281
92 93
1004 1008
807 817
1401 1403
45 59
106 116
388 391
241 245
73 74
550 555
800 801
1225 1228
152 169
1287 1293
1321 1323
204 209
1044 1055
407 414
72 73
366 371
1108 1109
69 72
1138 1139
354 357
120 122
1012 1023
994 999
27 32
991 994
422 433
209 213
502 510
737 739
458 471
756 769
39 45
527 537
1335 1346
1438 1440
1158 1172
88 91
795 796
1409 1410
500 502
1308 1309
1268 1270
360 363
283 285
1155 1156
585 587
1063 1064
576 583
247 249
442 452
454 456
1223 1225
491 493
1008 1012
348 354
1316 1321
1388 1389
401 402
25 26
537 540
102 106
1372 1377
213 217
947 950
1100 1106
914 920
834 837
191 197
524 527
799 800
1144 1149
1153 1155
98 102
820 821
867 872
414 422
510 512
285 286
523 524
186 191
32 39
652 663
59 69
91 92
876 877
629 633
1239 1247
1323 1325
669 675
396 401
174 176
1403 1405
540 550
935 938
680 690
1182 1185
481 483
130 131
1211 1216
728 731
1382 1388
770 772
363 366
317 327
23 25
1229 1239
555 564
1034 1036
575 576
394 396
512 523
372 377
1139 1141
93 94
327 336
0 12
146 152
1137 1138
1433 1436
562 569
840 875
342 356
1009 1017
698 705
73 81
725 751
1213 1234
1142 1147
57 87
665 673
1084 1086
390 395
310 311
573 574
1241 1243
156 158
468 474
837 853
610 611
1337 1340
1228 1234
434 441
65 66
105 114
558 562
1327 1328
1266 1272
217 221
525 527
673 674
872 878
1032 1047
528 529
1357 1358
369 372
289 297
221 222
212 213
566 569
418 419
1173 1177
853 857
628 629
1065 1066
924 935
799 802
441 449
332 353
1078 1082
1243 1248
1137 1158
198 203
196 198
317 325
727 728
664 665
1105 1112
794 799
1272 1276
509 516
1394 1402
269 282
261 265
146 149
556 558
99 102
802 817
286 288
581 583
1319 1324
55 65
425 431
562 564
897 901
527 528
869 872
1234 1240
1369 1372
674 680
959 964
1188 1190
1253 1254
419 425
353 360
859 867
1091 1092
904 924
283 286
992 994
655 657
1099 1100
569 572
1404 1408
1180 1185
1261 1266
149 151
315 317
213 214
227 231
186 196
1213 1217
1277 1291
1402 1404
1092 1094
948 950
297 300
488 496
600 602
997 1005
867 869
300 301
214 217
257 261
35 37
1199 1206
771 777
1422 1432
1047 1050
682 684
630 632
699 711
1340 1341
1366 1369
555 556
158 160
1386 1394
399 403
182 186
37 52
66 75
138 146
620 628
1158 1167
950 954
1217 1220
160 165
977 980
464 466
241 244
1358 1359
255 257
1276 1277
574 575
1167 1169
1206 1213
684 689
547 555
249 251
629 630
325 332
1434 1435
940 943
644 646
98 93
1165 1168
38 60
1393 1404
1195 1204
1361 1369
475 485
18 30
312 314
228 245
453 464
133 134
343 348
428 431
412 417
1011 1017
1423 1424
1241 1242
314 317
199 202
383 384
374 377
706 707
106 107
196 199
777 786
340 343
78 83
980 988
1042 1046
1124 1150
1380 1381
566 572
1049 1052
527 529
183 190
738 739
259 263
1009 1011
1337 1338
626 627
576 583
847 853
532 533
1269 1273
1268 1269
939 946
776 777
115 120
107 115
989 994
300 312
1242 1243
1092 1098
888 889
1035 1037
651 655
1150 1152
1110 1113
1404 1415
1318 1331
1236 1240
377 382
384 386
1243 1248
249 259
1355 1361
932 936
193 196
386 387
1235 1236
1204 1214
920 922
420 421
1017 1035
1436 1440
410 412
1183 1185
1430 1434
154 183
605 607
962 964
1253 1254
1248 1250
909 920
898 905
1282 1288
1388 1390
698 699
764 767
845 847
643 645
1277 1279
1113 1124
1153 1154
786 793
557 562
326 332
149 150
1254 1258
1352 1355
1173 1174
1331 1334
542 543
465 475
969 970
794 798
1369 1376
1098 1107
630 636
286 288
134 137
1343 1349
811 820
1174 1175
713 723
1157 1159
1435 1436
1058 1063
1420 1423
332 335
988 989
756 764
771 774
754 756
1349 1352
572 574
1175 1181
964 967
666 667
655 658
1250 1251
1168 1171
1191 1195
263 267
1415 1420
574 576
1063 1066
627 630
936 939
827 836
799 801
1185 1191
267 273
418 420
690 698
358 364
1070 1071
822 826
421 422
335 340
994 998
1392 1393
774 776
906 909
836 839
676 685
464 465
317 323
839 845
1258 1268
727 729
729 734
61 63
891 894
1108 1110
1083 1089
1273 1277
30 32
495 496
636 643
536 542
137 149
924 925
998 1009
767 768
120 122
489 495
858 863
91 106
63 66
856 858
922 924
735 737
970 980
131 133
439 444
323 326
1039 1042
793 794
83 87
853 856
0 2
0 360
1080 1440
76 100
1108 1109
1166 1172
310 312
225 227
637 641
206 211
704 709
523 527
100 105
1025 1044
1411 1420
585 586
950 959
1279 1288
366 368
438 443
1208 1218
1308 1310
475 480
1218 1224
420 421
748 752
1162 1166
657 665
187 191
684 686
843 854
596 602
1350 1351
993 995
929 931
1044 1046
191 197
264 265
989 993
338 346
1115 1118
1046 1049
169 186
761 764
70 73
764 768
898 906
629 636
380 383
251 264
501 503
49 58
1178 1179
1306 1308
654 657
878 879
726 730
401 417
510 515
908 913
786 788
1342 1347
1227 1239
753 761
730 731
357 366
387 389
500 501
1267 1268
165 168
334 336
828 829
541 549
490 491
731 742
1292 1303
149 159
1422 1424
742 746
777 786
503 510
394 396
1431 1432
801 805
108 115
917 919
235 236
417 418
1349 1350
962 963
1321 1323
1271 1276
1277 1278
1193 1203
455 464
838 843
499 500
291 298
1303 1305
533 541
64 65
233 235
346 348
624 629
421 426
81 83
159 161
250 251
586 591
1352 1365
1338 1339
186 187
136 149
318 319
614 620
28 40
117 130
40 49
25 27
1003 1018
83 84
559 562
569 575
6 23
92 93
854 857
896 898
818 826
1373 1376
1393 1395
857 863
445 446
1425 1429
430 438
443 445
217 223
591 596
906 908
770 777
1203 1208
941 948
680 684
1339 1340
1172 1178
549 555
243 250
805 808
677 678
1310 1311
1049 1050
995 1000
647 650
298 304
1424 1425
863 866
1239 1261
788 791
60 61
1264 1267
1288 1289
389 393
319 325
1000 1002
961 962
1348 1349
620 624
1261 1264
1074 1080
498 499
1305 1306
874 878
368 379
866 874
913 917
1080 1088
383 387
1429 1431
555 558
379 380
426 430
16 52
1255 1277
13 28
938 944
315 324
128 129
181 186
1144 1178
1248 1255
186 191
894 909
927 928
631 632
858 880
1242 1248
831 837
526 559
944 980
139 163
1366 1367
384 408
681 695
1349 1366
624 628
1369 1388
198 236
1394 1396
890 891
773 774
595 624
419 437
1398 1416
67 89
774 776
61 67
456 473
129 139
163 167
413 419
649 681
776 779
632 644
695 704
482 488
1178 1207
779 787
909 915
298 315
592 595
289 298
1388 1394
369 384
437 456
89 94
628 631
880 882
1027 1029
844 845
474 482
891 894
1430 1440
1207 1220
498 507
236 246
1039 1087
507 510
1367 1369
845 858
734 747
73 94
1391 1393
347 370
1010 1024
33 72
1177 1178
574 579
1080 1089
424 427
106 109
1291 1300
1243 1276
466 477
1160 1163
1438 1440
782 784
1198 1208
854 867
826 831
903 913
122 127
523 525
1178 1180
700 732
370 377
150 151
162 168
513 523
485 486
97 103
12 17
1279 1282
1089 1091
168 171
968 979
1133 1136
17 33
543 551
151 152
427 432
525 543
1031 1044
1374 1387
1429 1438
692 695
651 661
314 327
486 513
932 933
302 314
76 78
237 279
1182 1187
477 484
595 620
733 739
579 584
766 770
695 700
377 401
401 412
208 237
192 197
186 192
1098 1114
732 733
984 1005
637 638
109 122
279 302
770 782
1282 1286
103 106
72 76
620 637
1300 1309
1393 1394
1241 1243
688 692
1116 1129
739 743
1394 1396
331 337
447 458
1351 1374
127 149
1137 1146
484 485
440 447
1155 1160
1319 1327
661 667
572 574
818 826
788 789
979 983
933 944
197 202
202 207
1062 1080
812 818
1091 1098
1396 1429
645 651
1044 1061
1061 1062
743 750
875 885
1129 1133
809 812
171 186
1175 1177
462 466
327 328
1331 1339
1187 1198
1276 1279
152 153
1136 1137
957 960
1024 1031
915 932
853 854
149 150
871 875
432 440
797 809
1286 1288
913 915
1237 1241
1327 1331
831 846
667 673
92 97
945 957
1387 1391
584 595
850 851
207 208
944 945
867 871
750 766
892 903
851 853
846 850
157 162
153 157
679 688
638 645
1288 1291
885 892
458 462
1005 1010
1146 1155
78 92
789 797
1163 1175
784 788
983 984
412 424
1208 1219
561 572
1180 1182
960 968
338 347
328 331
673 679
337 338
2 0
0 1
1439 1440
78 99
759 761
1277 1279
466 467
877 881
803 814
479 483
1396 1399
1243 1248
558 560
163 164
872 877
216 217
870 871
994 995
1073 1075
175 186
1430 1436
378 385
1338 1357
215 216
453 459
1412 1416
118 119
22 26
556 558
419 422
367 368
258 267
422 430
1158 1173
112 115
1144 1152
154 163
1092 1101
244 252
656 658
79 83
14 15
968 969
1045 1046
612 624
501 508
1196 1203
1312 1319
1115 1137
1360 1361
995 1000
57 60
1213 1215
598 607
1252 1260
913 922
69 70
989 994
595 596
628 630
1416 1429
1279 1280
146 147
985 989
1178 1184
1047 1055
704 706
385 389
1248 1252
1223 1231
256 258
1324 1326
1331 1333
449 450
576 577
1438 1440
212 215
392 400
70 72
733 747
228 231
850 865
952 957
60 61
841 846
325 331
320 322
83 86
560 561
869 870
1155 1158
1231 1232
450 453
315 320
1319 1320
785 789
607 609
664 669
817 822
719 724
731 733
1358 1360
186 187
267 269
1102 1103
969 972
753 759
115 116
706 711
1046 1047
467 472
51 54
309 315
965 966
814 817
578 595
1205 1213
364 365
572 576
281 286
255 256
1377 1378
368 377
1087 1092
1378 1381
957 961
767 783
208 209
1078 1079
563 572
508 509
923 929
1189 1192
15 22
725 726
209 210
833 839
225 227
673 675
1357 1358
883 884
210 212
1069 1070
231 234
765 767
961 965
783 785
1326 1331
1215 1223
349 364
609 612
726 731
881 883
170 175
632 643
1300 1302
789 798
1042 1045
886 899
1283 1291
72 79
90 91
1361 1372
54 57
1071 1073
365 367
871 872
940 950
1000 1001
234 244
108 111
1260 1273
972 976
1320 1324
630 632
217 221
671 673
930 936
761 765
459 466
950 952
2 0
11 361
1080 1430
99 56
166 173
1261 1274
696 698
1100 1109
44 49
1420 1421
1234 1240
953 967
443 445
888 908
156 162
136 146
241 242
580 583
577 580
1116 1123
1090 1091
50 51
348 351
1311 1330
499 513
920 924
1393 1395
72 75
743 750
640 650
793 796
469 479
49 50
1367 1378
1022 1025
270 286
733 737
776 782
593 613
154 156
379 380
975 1007
933 934
574 577
1112 1116
327 348
445 448
633 636
297 300
1070 1073
146 149
430 437
25 27
496 499
35 39
624 627
636 638
910 911
716 732
1020 1022
467 469
1205 1206
1086 1090
1381 1386
1200 1205
78 82
687 690
1044 1047
1248 1251
805 812
935 938
479 481
662 666
389 391
583 593
1386 1390
666 679
1291 1293
1182 1192
732 733
1240 1245
698 716
1285 1291
967 968
1123 1128
557 565
1294 1302
466 467
1330 1333
391 392
650 652
1293 1294
1279 1280
1333 1352
1434 1440
109 112
1091 1098
21 25
458 461
27 31
1025 1026
683 687
1192 1194
1251 1254
1062 1070
934 935
1390 1392
380 384
1245 1248
261 270
1228 1234
565 571
162 166
1109 1112
571 572
1052 1062
951 953
358 364
659 662
1081 1082
406 416
1140 1152
1194 1200
528 536
549 557
613 624
351 358
192 198
1173 1182
1418 1420
242 246
539 549
885 888
816 834
1366 1367
834 841
55 66
911 912
1354 1366
8 21
286 297
1392 1393
461 466
300 304
1128 1140
869 883
1421 1424
782 785
1280 1285
917 920
255 256
1408 1412
968 975
1352 1354
235 241
384 388
1417 1418
908 910
124 126
20 10
407 463
516 528
587 593
807 812
627 631
1069 1072
820 821
911 937
541 566
1435 1439
151 155
1311 1344
528 541
798 807
463 484
566 575
394 407
700 701
1349 1353
290 310
835 896
155 182
1021 1035
637 645
1353 1379
143 151
283 290
245 260
952 972
347 367
68 38
1433 1440
575 578
39 48
1279 1294
607 617
220 226
578 607
990 992
1035 1057
394 397
1120 1130
789 791
339 341
150 153
315 321
1201 1211
871 875
965 968
6 26
1211 1213
1193 1196
494 499
954 965
947 949
419 422
719 721
1188 1189
817 842
896 897
676 700
992 1005
1217 1248
255 268
1275 1279
26 34
721 737
1332 1336
474 494
50 69
864 871
327 339
428 439
1139 1146
128 132
538 548
1399 1400
341 347
1397 1399
842 846
1394 1397
1294 1297
1135 1139
1150 1159
240 243
897 909
791 805
194 220
1355 1357
617 621
513 518
849 859
1057 1063
422 428
300 303
846 849
1213 1215
1063 1088
176 183
467 474
370 394
621 631
737 748
1373 1394
570 575
1215 1217
968 990
303 313
183 194
347 370
143 150
700 719
1131 1135
136 143
1163 1188
1305 1307
805 817
1005 1035
775 789
1267 1275
34 39
631 676
1371 1373
1088 1120
875 876
859 864
1146 1150
1159 1162
518 538
876 896
1130 1131
397 419
548 556
69 103
556 563
103 128
909 947
43 98
850 851
826 832
237 238
772 774
161 168
913 921
353 354
1274 1281
846 847
1362 1365
697 699
1258 1259
570 573
197 204
1404 1408
997 1009
1143 1147
49 52
185 187
212 221
1168 1171
27 28
1305 1314
1344 1349
1204 1210
1200 1204
1402 1403
1338 1340
81 88
552 559
798 799
1024 1029
1046 1049
1012 1015
77 78
1015 1019
420 430
315 322
1019 1022
1009 1012
928 939
1411 1415
699 707
47 49
1133 1134
1371 1376
1377 1379
372 380
568 570
17 19
595 603
333 343
743 746
312 315
1403 1404
758 767
1086 1089
550 552
1147 1161
437 440
727 731
1316 1322
328 333
35 41
440 456
1281 1282
1095 1106
774 784
739 743
521 522
1355 1357
1297 1305
623 624
902 906
1137 1139
88 96
151 159
99 100
43 45
1336 1338
1210 1214
472 483
1394 1398
632 639
713 717
1032 1041
361 371
1116 1117
1379 1382
1067 1073
299 300
875 878
1031 1032
269 275
1349 1355
456 457
400 405
405 406
957 958
1322 1324
96 99
1077 1080
984 987
890 902
649 666
1408 1411
74 77
20 23
622 623
71 72
54 60
942 947
406 414
1383 1385
795 798
921 928
812 820
1041 1046
141 142
187 197
832 833
975 984
1415 1418
1329 1333
23 25
380 381
371 372
1245 1247
66 71
143 148
666 670
670 678
542 546
1029 1031
431 437
1391 1392
767 772
25 27
546 550
184 185
1076 1077
5 81
365 366
1407 1426
346 351
496 497
1383 1384
452 455
455 467
1031 1032
733 737
87 89
937 940
109 110
54 55
737 738
328 338
913 916
1015 1022
1377 1383
189 205
892 913
182 189
984 993
297 304
958 969
121 126
1046 1048
1108 1109
269 279
775 785
1376 1377
872 886
46 47
50 54
421 433
415 421
978 979
110 116
288 291
1361 1367
1166 1185
215 218
396 402
647 648
501 511
763 765
1110 1116
1308 1316
852 872
413 415
251 252
563 591
1048 1049
105 109
268 269
785 798
1394 1396
252 260
511 512
291 297
1034 1038
28 33
358 364
802 806
20 28
801 802
443 449
807 813
378 380
621 633
1032 1034
1058 1063
73 80
684 688
512 514
1223 1225
591 597
1024 1030
449 452
1316 1320
433 439
753 763
377 378
1336 1342
127 130
338 341
1189 1195
0 2
0 1
1439 1440
4 52
732 740
85 94
538 547
783 790
1146 1179
809 850
152 169
32 55
1247 1255
80 85
1014 1023
908 913
740 747
1119 1135
485 497
1281 1291
295 320
898 908
702 711
1094 1100
6 13
18 24
1100 1108
691 693
361 381
1433 1440
599 654
1085 1094
1255 1281
1135 1146
1108 1119
200 207
107 110
951 970
526 527
260 295
747 751
101 107
1217 1235
553 564
142 152
1235 1245
24 32
460 474
764 780
673 687
207 214
868 880
850 868
94 101
474 485
880 898
944 951
215 238
791 809
1045 1052
10 26
255 299
72 142
10 16
1091 1128
1057 1091
1352 1437
1278 1302
187 224
1129 1157
998 1051
837 857
1437 1440
743 779
309 314
1302 1327
521 530
932 957
957 979
1327 1352
36 58
1128 1129
1178 1207
584 598
142 169
979 998
224 232
314 392
857 870
58 72
712 743
254 255
177 187
513 521
631 712
1229 1278
927 932
75 20
700 706
876 882
956 958
631 633
450 451
453 465
901 906
1365 1371
882 883
697 698
1243 1245
338 346
1211 1214
420 423
788 789
1429 1434
994 997
190 193
311 324
505 506
997 1003
465 477
14 16
199 201
353 355
768 774
30 35
123 128
666 684
633 635
723 727
64 65
188 190
1284 1288
410 411
335 338
329 335
8 14
1154 1160
537 538
821 835
88 94
1297 1301
1341 1348
223 231
1079 1081
1296 1297
1118 1127
370 392
408 410
819 821
753 761
1348 1351
1140 1142
1103 1105
1312 1313
164 167
1278 1282
959 966
479 487
623 624
346 349
309 311
761 768
713 714
698 700
1056 1063
1351 1365
874 876
1282 1284
1242 1243
732 735
1207 1209
435 442
1109 1113
624 631
361 367
392 395
40 41
292 299
1425 1427
18 30
159 163
1012 1015
1160 1168
906 911
167 169
1318 1336
349 353
635 640
510 513
502 505
1301 1312
369 370
1107 1108
78 43
217 225
554 565
1198 1224
486 493
1426 1437
669 685
789 798
298 327
798 813
628 651
20 21
1092 1100
168 170
689 735
397 401
735 736
1259 1262
1107 1111
917 932
493 504
1359 1362
1409 1413
1264 1291
966 967
685 687
1437 1440
1262 1264
132 145
977 980
1346 1349
1395 1407
1185 1187
352 361
1237 1259
177 181
287 298
1052 1066
577 587
1407 1409
1074 1092
1338 1339
386 391
1362 1373
391 394
327 329
1104 1107
1119 1120
852 878
1303 1309
541 544
957 966
127 132
949 957
1188 1194
171 177
1187 1188
361 378
816 820
1224 1229
907 909
12 20
466 478
1103 1104
158 161
504 515
1100 1103
1309 1314
417 445
170 171
885 889
1139 1150
932 935
845 852
524 530
760 789
878 885
1339 1346
1111 1119
687 689
161 168
115 127
108 115
736 760
1356 1359
1124 1139
46 58
181 216
281 287
841 845
1066 1072
967 977
1161 1185
1018 1037
1349 1356
58 78
1194 1198
826 827
530 531
1150 1157
401 417
1413 1426
93 108
1373 1395
1335 1338
980 1018
518 524
1073 1074
544 554
651 669
329 352
394 397
145 155
1037 1052
155 158
565 577
21 46
1291 1303
1314 1317
238 275
827 841
235 238
46 34
861 862
600 601
477 480
899 900
1353 1360
471 477
480 488
1241 1244
858 861
1382 1391
1085 1098
814 823
1129 1131
925 935
279 284
287 298
891 899
191 198
880 891
172 175
982 983
1032 1034
366 369
995 1011
694 697
1315 1318
153 165
678 679
67 68
189 191
643 645
84 88
15 21
170 171
245 250
68 77
635 640
1251 1255
1057 1062
1266 1271
645 647
1171 1172
1366 1375
123 125
1336 1340
841 844
844 858
214 216
575 577
250 251
1064 1065
328 338
962 976
444 459
130 131
420 431
777 782
909 913
198 213
1318 1336
438 439
737 747
165 166
1082 1083
414 420
131 138
125 126
521 522
284 285
913 916
736 737
1166 1171
1122 1124
1271 1285
1131 1133
786 792
1071 1082
102 109
734 736
459 460
52 0
493 499
456 464
370 372
773 778
732 734
691 698
49 50
1159 1162
150 166
355 358
506 507
501 506
56 60
998 1002
348 355
534 554
1321 1332
560 562
676 680
866 873
837 849
557 560
443 456
973 976
563 582
617 635
523 533
177 185
244 246
796 797
791 796
586 596
741 751
268 282
1426 1428
1099 1108
1273 1280
248 255
1239 1242
995 998
1185 1186
108 115
1431 1437
1250 1251
287 293
364 365
1333 1341
1035 1036
1047 1049
282 283
1283 1293
858 866
72 29
250 251
528 553
1367 1371
40 42
332 341
1166 1167
1346 1348
1394 1413
929 935
613 614
3 4
1259 1260
935 939
33 37
741 747
1213 1215
823 824
407 409
1321 1323
13 16
508 513
77 104
884 887
895 901
1342 1346
874 881
925 928
400 403
1161 1164
1167 1175
843 845
1218 1224
564 589
869 874
281 286
1203 1213
369 399
72 77
305 310
653 654
1310 1320
1151 1153
1326 1333
725 729
1284 1285
278 281
342 348
1376 1387
736 741
404 406
881 884
289 291
976 977
986 990
696 698
1227 1229
1118 1119
430 433
341 342
1350 1359
1014 1022
1194 1197
1057 1059
411 412
105 109
104 105
1229 1249
1064 1073
253 278
152 153
178 190
37 40
940 942
20 23
291 292
495 499
409 411
1249 1258
668 669
891 893
917 918
1283 1284
1300 1303
399 400
751 752
1285 1288
1304 1310
698 700
1049 1055
220 227
753 756
1136 1151
130 150
451 455
944 957
190 206
251 253
227 235
1333 1342
286 289
297 300
40 54
1158 1159
846 848
730 732
1166 1169
775 778
92 99
187 208
128 130
1061 1073
550 558
397 404
267 270
362 373
178 179
483 496
113 123
424 431
319 349
316 318
1171 1174
272 274
1433 1434
1109 1112
53 63
596 598
141 148
376 383
815 816
358 359
150 154
1001 1006
449 451
1241 1246
72 76
643 644
181 185
1201 1205
1192 1197
675 677
876 878
621 636
1190 1192
413 416
112 113
1289 1298
1431 1433
952 953
1246 1254
1116 1120
1306 1312
154 156
314 316
1388 1389
91 92
240 243
509 526
867 871
100 106
417 418
1343 1350
930 933
1286 1287
644 651
760 768
841 844
125 126
859 867
16 19
878 888
458 460
1419 1423
849 850
456 458
1058 1061
1184 1185
435 436
1268 1270
1434 1440
156 164
451 456
1267 1268
995 1001
993 995
601 602
726 730
236 240
24 29
418 424
1143 1146
953 961
208 211
13 15
99 100
352 357
8 45
461 476
97 100
327 329
541 552
714 727
452 461
1089 1090
624 630
630 635
874 875
1341 1344
684 685
1190 1191
419 422
329 339
902 907
1280 1284
422 434
1119 1140
760 770
1076 1078
1273 1280
835 836
1072 1076
491 505
1152 1159
602 607
234 248
125 129
1351 1358
353 357
1109 1119
1390 1395
344 346
9 16
113 122
435 452
1344 1346
966 970
1167 1169
917 918
418 419
940 948
275 278
221 225
1207 1213
1417 1438
736 741
507 520
1250 1252
1101 1109
582 595
784 795
27 7
148 163
318 322
1038 1058
96 99
1221 1258
330 333
348 361
1108 1111
233 249
1370 1375
923 932
917 923
1344 1369
826 829
500 501
831 845
1093 1094
1265 1271
435 462
112 115
163 167
653 676
228 233
31 33
214 220
1157 1160
322 326
700 703
462 472
101 110
340 348
769 805
805 821
1138 1154
75 12
1224 1235
664 682
1433 1440
1286 1294
930 933
169 171
859 866
1004 1009
1071 1081
1150 1151
611 616
585 596
982 986
399 401
22 26
1168 1169
1089 1098
493 501
151 152
866 872
244 245
275 282
771 772
1353 1362
552 556
90 92
747 758
1407 1410
1239 1244
806 807
14 16
1318 1330
1295 1303
1420 1423
735 738
1244 1245
1255 1261
872 889
1249 1250
1058 1060
1111 1113
689 690
471 472
786 787
1338 1340
443 444
936 942
826 830
1330 1331
991 1001
1036 1040
1040 1041
353 354
856 859
334 335
970 974
1136 1143
152 153
34 37
218 244
414 416
245 252
1204 1209
171 172
134 138
1118 1120
830 844
51 65
1261 1263
916 919
986 988
252 269
1117 1118
1087 1088
580 582
977 982
149 151
435 438
822 823
572 577
1275 1276
898 900
1410 1419
556 572
1391 1394
1060 1063
92 94
1 100
689 694
51 58
580 583
1336 1343
1391 1392
58 59
120 124
534 535
941 949
1032 1034
1290 1298
505 510
24 31
1323 1329
1046 1047
1047 1054
267 268
8 10
32 41
1282 1290
1124 1134
1308 1309
465 469
341 346
156 158
380 396
1027 1032
208 211
416 423
1093 1094
313 318
986 990
302 306
327 341
1216 1222
167 170
903 910
251 255
1187 1192
949 950
1379 1383
1392 1394
837 852
1254 1256
1140 1148
145 150
1388 1389
454 462
115 119
1192 1196
815 818
1202 1206
184 188
658 662
1276 1282
729 737
21 24
917 921
192 202
405 409
1267 1273
1034 1043
1004 1008
470 471
409 411
1329 1336
268 272
497 501
559 569
853 854
318 325
231 232
1439 1440
170 174
136 139
479 486
360 366
1349 1357
1063 1069
1151 1153
510 512
737 746
1008 1019
653 655
232 234
773 792
912 917
638 644
226 231
496 497
686 687
1275 1276
556 558
78 88
1153 1159
486 494
1230 1231
346 353
411 416
1060 1063
494 496
100 100
126 127
78 79
8 9
40 41
6 7
72 73
58 59
0 1
128 129
104 105
94 95
194 195
160 161
60 61
50 51
12 13
62 63
24 25
74 75
146 147
26 27
124 125
188 189
136 137
122 123
114 115
106 107
68 69
84 85
18 19
176 177
192 193
150 151
14 15
30 31
156 157
56 57
170 171
32 33
190 191
48 49
174 175
186 187
88 89
118 119
148 149
92 93
184 185
54 55
44 45
182 183
132 133
138 139
164 165
162 163
36 37
198 199
70 71
142 143
168 169
166 167
178 179
34 35
80 81
180 181
76 77
100 101
66 67
172 173
152 153
112 113
16 17
130 131
42 43
116 117
154 155
158 159
90 91
38 39
4 5
52 53
134 135
120 121
96 97
10 11
108 109
144 145
28 29
22 23
82 83
86 87
110 111
46 47
20 21
140 141
2 3
196 197
98 99
64 65
102 103
234 235
220 221
270 271
272 273
274 275
224 225
380 381
332 333
282 283
326 327
226 227
384 385
316 317
366 367
204 205
362 363
302 303
340 341
368 369
200 201
390 391
352 353
232 233
308 309
292 293
342 343
312 313
370 371
218 219
298 299
346 347
242 243
236 237
322 323
284 285
252 253
394 395
210 211
304 305
334 335
216 217
222 223
330 331
276 277
238 239
288 289
372 373
386 387
280 281
248 249
348 349
230 231
358 359
382 383
318 319
398 399
268 269
244 245
314 315
338 339
392 393
264 265
374 375
212 213
294 295
364 365
320 321
306 307
296 297
324 325
206 207
344 345
360 361
228 229
246 247
290 291
356 357
378 379
214 215
266 267
310 311
396 397
250 251
258 259
388 389
354 355
286 287
260 261
256 257
350 351
208 209
300 301
328 329
336 337
202 203
254 255
240 241
278 279
376 377
262 263
0 2
180 540
540 900
17 30
1012 1013
95 106
7 31
1261 1262
1339 1345
766 799
1102 1115
135 168
579 593
1242 1248
254 260
644 679
688 696
1037 1040
835 880
1248 1261
1295 1339
679 688
1004 1011
1191 1213
1397 1414
1270 1290
1414 1440
930 933
941 1001
1213 1215
1228 1239
31 52
182 190
52 78
1290 1293
897 901
201 251
1040 1102
758 766
1011 1012
1262 1270
1018 1023
305 331
251 254
110 114
1129 1132
1172 1191
190 201
812 835
1351 1368
1368 1397
66 35
73 83
1204 1205
211 224
533 541
762 775
273 274
36 39
694 704
883 885
1055 1069
956 973
1069 1086
70 73
226 232
304 309
785 791
973 976
1022 1037
1298 1305
1146 1148
1291 1294
1395 1424
710 713
1217 1219
679 681
803 809
289 290
1373 1386
1136 1139
1278 1279
151 170
746 747
912 930
290 304
871 881
1334 1353
526 530
894 904
1353 1367
1272 1276
1086 1089
604 605
21 22
371 372
500 526
612 615
1148 1159
1325 1327
556 571
605 612
718 724
1232 1250
370 371
494 499
1426 1440
1319 1322
1250 1252
541 549
1252 1272
309 313
171 174
1089 1096
1295 1298
39 42
1225 1232
904 912
530 533
590 596
1219 1225
1190 1198
633 648
740 746
471 472
85 99
1037 1048
775 781
372 400
976 977
22 24
408 438
1198 1204
136 151
704 710
1175 1187
1187 1190
318 329
189 209
791 802
1099 1114
224 226
284 289
83 85
313 318
42 46
27 36
802 803
855 861
1139 1141
747 762
178 189
625 633
15 21
1280 1290
868 870
889 893
1203 1207
358 365
73 105
536 539
311 315
595 622
893 896
657 664
1130 1139
195 198
1328 1338
326 332
786 794
384 394
1 9
622 636
28 36
518 527
1207 1215
1241 1244
415 418
1273 1280
737 747
148 166
166 168
1006 1024
1393 1395
527 529
637 657
418 437
64 73
168 174
1112 1113
2 0
1079 1429
0 360
0 2
179 539
540 900
50 27
820 829
98 103
436 446
1066 1069
594 595
163 173
892 922
1164 1167
353 371
1213 1223
1278 1281
1225 1242
1347 1366
844 846
1011 1012
831 837
1373 1382
663 667
158 163
725 739
788 796
178 199
94 98
80 94
1116 1143
581 585
1194 1202
314 324
617 623
16 28
1336 1338
711 721
585 594
1012 1020
121 141
296 300
419 436
244 249
371 372
469 482
503 506
175 177
550 555
1061 1066
1223 1224
103 111
1184 1194
313 314
837 841
710 711
668 672
177 178
883 885
1021 1029
623 631
922 925
841 844
352 353
75 80
1111 1116
1420 1434
1151 1161
721 724
532 545
506 514
1255 1278
1005 1011
759 760
889 892
564 576
1099 1101
1202 1213
933 955
595 598
1281 1284
972 989
576 581
21 32
1176 1187
1117 1119
391 411
816 817
1355 1367
1119 1126
38 43
144 152
247 253
367 368
1261 1267
467 472
580 581
1284 1287
947 967
66 69
358 362
389 391
748 759
371 377
524 526
313 316
581 582
568 579
134 144
911 919
538 542
263 271
765 771
1230 1231
153 162
115 134
15 16
591 595
654 655
377 382
888 890
829 830
278 290
1336 1338
1308 1329
513 514
1039 1051
631 634
687 690
1367 1391
679 684
690 706
976 979
864 888
253 263
382 389
293 296
