100
1 1
540 600
840 900
2 0
900 1260
180 540
1 1
1439 1440
0 1
0 2
1271 1440
1264 1271
0 1
551 846
0 2
944 1440
799 944
0 1
294 366
2 0
770 1391
1391 1440
0 2
678 1345
674 678
0 2
758 1233
1233 1440
2 0
1095 1403
696 1095
0 2
140 272
1392 1440
0 2
1118 1268
149 172
0 1
1368 1440
0 2
1155 1440
796 1155
1 0
1009 1440
0 2
945 1440
755 945
2 0
494 675
1350 1440
1 1
1022 1440
194 342
0 2
1057 1440
1041 1057
2 0
732 748
748 1440
0 2
1080 1440
11 361
1 0
1235 1440
0 2
540 900
179 539
1 1
695 886
886 1440
1 0
491 559
0 2
821 1350
1350 1440
0 1
304 424
0 1
278 399
0 2
267 670
1283 1440
1 1
119 200
1166 1440
0 2
180 540
541 901
2 0
0 360
1080 1430
1 0
1010 1440
0 2
1069 1198
768 1069
0 2
300 589
1022 1074
0 1
1206 1440
0 2
937 1003
1227 1440
0 2
888 1440
773 888
1 1
275 324
260 275
0 2
1348 1440
350 779
0 1
168 681
1 0
1354 1440
1 1
372 536
536 596
0 2
581 793
1242 1306
2 0
1272 1440
1137 1272
0 2
991 1440
773 991
1 1
86 284
739 1121
0 2
603 729
729 1091
1 1
229 498
498 662
0 2
1020 1440
964 1020
0 2
1265 1440
1102 1265
0 1
427 714
2 0
1304 1440
1142 1304
0 2
1159 1195
378 663
1 1
0 1
1439 1440
0 2
270 901
901 944
2 0
1122 1140
1140 1440
1 1
474 770
770 843
0 2
1439 1440
0 1
0 1
755 936
0 2
1330 1440
1177 1330
1 0
887 927
2 0
204 670
1297 1320
0 2
653 1010
345 653
1 0
985 1060
0 1
401 838
2 0
10 360
1079 1429
2 0
398 710
88 180
2 0
1245 1440
777 1245
1 0
553 960
2 0
673 813
1357 1440
0 2
922 1185
1185 1440
1 0
929 1440
2 0
0 1
1439 1440
1 1
1058 1440
849 1058
2 0
0 360
1079 1429
0 2
788 958
1002 1387
0 2
0 360
1080 1440
2 0
1180 1230
402 733
0 1
53 551
2 0
314 709
912 1030
0 2
739 1191
1191 1440
2 0
857 959
959 1124
0 2
10 360
1080 1440
0 2
1021 1383
1383 1440
0 2
1248 1440
250 719
0 2
981 1437
1437 1440
0 2
690 945
1414 1440
0 1
1241 1440
2 0
134 320
320 760
0 2
553 1046
1355 1440
0 2
180 540
540 900
2 0
11 361
1080 1430
1 1
682 1031
184 682
1 1
139 766
930 1020
2 0
933 1440
889 933
2 0
1116 1356
1356 1440
2 0
10 360
1080 1430
0 2
773 1024
1086 1440
