1000
34 66 96
73 91 41
48 62 3
91 2 82
68 55 29
36 32 85
75 9 23
75 97 59
51 9 46
48 21 33
39 72 57
20 62 88
81 40 43
60 29 94
99 99 99
44 26 6
60 2 68
33 17 14
6 12 13
32 67 10
93 92 92
43 47 33
66 17 16
68 88 5
42 63 85
2 94 46
74 77 38
62 24 38
76 86 17
85 55 91
1 94 5
84 24 17
7 55 65
28 100 1
32 38 20
77 23 24
24 57 38
76 58 19
100 90 10
97 58 73
80 32 67
90 58 66
91 22 82
48 16 37
67 77 35
54 84 33
56 6 32
42 7 15
20 60 75
33 35 34
62 18 5
87 57 12
91 65 22
7 29 86
35 45 55
16 93 89
33 12 86
32 15 55
38 92 85
47 74 14
42 13 34
78 13 34
31 11 66
94 30 5
16 96 54
46 25 23
0 55 55
48 55 54
99 8 47
15 87 67
28 1 34
56 56 52
99 91 5
43 97 35
36 41 40
83 15 78
34 27 91
84 79 77
26 63 84
98 100 65
76 78 55
83 81 21
44 68 69
52 27 3
93 81 97
32 27 27
87 70 20
40 79 88
9 10 84
79 46 84
36 67 58
16 53 10
33 6 28
35 35 60
97 81 53
49 43 41
59 30 95
97 82 93
80 94 17
10 37 85
73 29 39
33 56 65
90 77 46
85 70 9
15 70 53
10 55 27
32 60 75
53 80 34
82 93 96
35 22 38
83 62 4
42 33 8
22 20 89
29 94 95
64 82 82
70 16 5
30 9 85
37 13 100
37 65 24
12 65 66
54 69 77
56 65 95
12 9 17
88 7 40
40 58 61
35 72 76
63 93 100
87 21 91
4 87 25
58 63 62
85 86 56
21 61 42
98 83 39
19 77 96
18 13 17
4 47 1
71 86 34
55 4 97
16 58 27
100 89 96
10 72 100
60 100 78
82 24 95
55 55 17
4 1 83
48 100 27
73 4 82
38 31 43
50 82 26
53 66 72
83 21 71
25 24 95
90 37 82
2 9 3
77 41 62
86 7 52
39 5 87
42 8 52
0 71 40
47 85 3
21 81 30
16 11 38
0 20 25
80 70 89
44 88 41
97 40 45
11 60 98
46 100 56
48 100 7
91 41 56
35 55 45
62 48 83
25 43 87
21 28 21
71 83 38
61 18 70
29 75 87
96 2 72
71 75 75
33 34 86
6 74 32
2 96 76
71 87 7
86 67 92
88 98 54
87 37 94
14 59 83
14 72 37
74 29 63
6 37 12
58 91 89
14 33 90
93 24 72
4 25 17
81 8 37
20 11 46
29 23 13
1 55 20
38 10 22
83 41 63
11 92 53
28 89 30
83 98 82
34 44 71
42 73 40
47 39 84
32 43 54
30 74 67
1 23 28
49 86 5
70 70 72
57 27 68
5 47 66
57 48 78
96 100 18
36 4 21
4 62 87
74 13 7
76 41 73
93 62 100
15 81 62
70 100 38
74 86 67
77 31 9
19 67 40
42 12 84
46 71 15
50 36 93
8 20 80
79 4 33
13 78 5
65 39 45
57 59 38
100 84 72
37 2 41
8 13 21
42 4 54
96 67 6
58 86 97
42 33 100
94 29 61
82 89 7
100 37 76
29 25 59
91 77 4
19 8 1
15 19 12
10 34 81
1 87 21
20 28 98
81 16 88
49 35 2
6 90 7
33 55 85
27 39 58
62 86 17
14 30 25
59 72 79
55 80 45
8 67 44
7 83 47
43 41 16
95 61 13
45 54 78
39 81 80
54 72 3
70 35 40
84 75 56
73 79 96
93 6 84
61 88 67
22 61 99
36 93 63
17 89 70
61 56 2
91 47 20
81 64 70
79 87 63
51 36 99
34 16 89
78 23 25
23 65 87
56 80 4
72 9 77
19 32 19
79 40 83
16 66 96
19 53 6
76 77 73
51 7 31
55 77 36
28 11 21
94 13 95
66 43 12
93 54 6
46 100 80
70 67 75
78 21 43
81 53 85
21 17 22
25 74 22
26 26 94
7 72 10
6 56 93
82 65 54
35 64 17
6 57 10
82 35 76
96 44 13
4 8 40
85 16 71
82 2 69
63 39 40
35 97 48
34 74 94
33 29 79
89 11 13
37 87 8
60 57 42
28 16 5
75 30 25
54 12 86
79 13 6
24 57 9
20 60 5
17 46 54
75 28 25
51 52 94
16 43 68
55 83 24
90 22 23
71 59 9
62 59 95
44 7 12
74 32 16
17 6 40
68 6 13
16 15 64
30 64 56
78 84 95
11 97 8
17 79 13
73 6 68
78 31 43
8 61 3
49 42 78
79 12 10
71 76 48
54 73 68
59 83 100
85 67 94
97 37 34
51 26 61
93 73 87
70 42 40
13 28 46
18 18 95
96 28 17
18 57 73
63 38 11
13 94 70
64 88 26
50 66 61
22 4 96
58 58 81
100 60 84
7 54 41
100 18 7
40 9 35
30 5 25
25 25 97
12 39 71
15 74 4
83 77 98
1 95 53
36 64 15
34 54 33
44 52 32
85 7 21
67 3 26
1 69 27
8 58 1
1 87 71
66 75 25
37 33 18
29 21 13
51 39 32
50 45 96
61 11 61
61 34 14
56 22 38
38 6 39
3 40 45
10 9 17
100 63 3
70 15 34
28 75 45
88 93 40
90 78 19
98 22 42
41 58 27
36 87 6
82 97 70
38 27 52
95 44 79
94 54 91
0 57 27
52 68 7
82 28 71
11 69 57
21 57 20
67 14 93
7 52 70
84 79 64
25 68 86
84 95 42
81 79 13
48 52 2
6 54 76
42 67 86
74 86 76
17 26 74
0 32 79
36 54 38
62 90 75
13 82 4
65 48 46
41 67 73
29 11 42
55 37 9
60 86 100
0 33 60
82 94 57
22 84 76
49 47 74
93 79 38
54 6 54
29 16 45
41 32 82
17 24 45
76 84 67
0 2 42
99 92 60
46 54 18
16 20 13
78 92 39
61 6 25
69 11 77
11 30 40
27 63 72
20 73 91
25 54 15
100 31 47
24 29 11
77 18 99
34 29 37
61 55 7
31 9 89
36 98 30
51 37 95
100 97 2
7 79 5
59 89 41
81 3 94
91 10 23
68 47 78
98 57 37
11 5 82
47 68 48
22 42 25
0 89 69
70 87 37
20 56 69
7 13 96
10 22 55
3 19 75
91 5 25
20 46 63
0 10 42
3 83 27
96 31 25
87 12 14
22 2 57
29 72 80
34 78 21
52 58 41
93 61 47
95 62 96
84 48 1
13 68 39
12 55 55
23 68 11
74 3 72
2 100 54
75 55 81
14 60 30
91 2 12
81 88 84
28 9 52
41 85 37
36 22 35
21 99 3
16 12 2
1 12 64
65 18 82
78 28 94
37 26 33
79 6 30
19 80 12
13 99 9
13 46 10
34 78 66
24 26 19
100 98 41
60 81 83
29 2 60
52 39 2
5 34 58
60 38 13
41 97 68
12 72 15
63 90 6
74 9 58
26 57 61
22 64 65
63 43 23
31 30 58
37 54 52
16 79 40
86 98 75
99 77 4
90 93 62
63 74 95
27 97 67
86 33 83
9 78 90
76 7 28
50 58 100
20 41 6
53 86 23
80 66 44
61 9 64
17 78 67
33 84 61
43 19 26
30 44 90
55 71 46
1 22 6
3 31 48
56 30 6
72 53 57
18 75 8
3 8 88
32 81 7
48 64 69
57 92 78
10 38 38
42 65 78
87 15 84
28 74 83
16 10 4
35 29 87
10 32 14
38 68 94
88 27 3
46 69 58
36 65 62
72 96 80
23 35 44
35 57 4
79 48 79
25 55 35
9 76 39
80 22 42
23 89 93
96 10 58
58 20 22
92 40 17
77 75 10
42 62 90
77 46 25
15 29 66
46 26 68
78 12 41
8 59 6
12 8 16
44 35 57
5 20 37
75 83 75
67 53 15
13 15 75
77 91 2
47 32 85
83 27 46
63 73 6
79 37 2
12 25 45
4 95 82
13 17 1
90 47 68
50 27 13
10 5 43
11 73 54
83 88 33
1 42 57
41 88 72
86 25 64
69 62 92
27 61 19
32 71 93
100 17 30
88 64 68
25 47 39
85 73 67
12 3 26
73 66 59
19 77 72
30 65 81
82 47 30
25 40 82
38 36 53
57 75 18
92 82 14
29 36 86
49 32 95
99 70 86
99 61 22
73 67 79
68 85 59
99 41 62
37 73 10
25 17 18
54 83 44
16 81 80
53 48 96
1 97 39
61 87 41
8 88 1
29 81 85
34 5 87
47 27 41
18 95 60
53 28 74
0 42 24
10 33 33
4 64 60
89 41 20
64 16 62
38 20 36
55 47 53
20 39 43
11 99 88
44 27 57
86 54 55
47 52 75
59 22 76
31 15 100
45 83 96
75 36 52
91 74 34
7 62 58
95 22 15
20 46 23
90 24 63
69 44 38
17 53 33
72 69 8
19 71 93
53 92 12
23 7 39
52 60 75
37 77 96
8 44 91
50 78 61
68 13 87
31 83 25
95 33 26
66 92 12
36 61 83
65 46 89
56 48 75
62 17 79
97 70 4
62 87 92
69 25 52
54 8 62
8 90 85
85 85 71
80 78 67
6 36 66
84 26 67
8 61 41
34 92 25
69 96 28
61 65 100
70 57 74
14 89 2
28 81 52
3 98 22
10 87 38
83 25 47
93 73 82
22 28 37
7 95 21
84 90 1
14 98 61
4 86 31
2 86 38
83 89 31
75 12 4
94 20 21
45 4 63
67 88 33
68 94 26
4 38 5
85 96 27
90 63 36
53 90 67
50 20 90
96 97 9
90 48 65
74 73 98
84 63 23
75 97 39
18 66 28
80 53 38
17 37 79
15 100 82
3 96 47
84 40 70
40 32 40
99 97 98
91 88 3
2 59 23
11 99 92
62 46 8
50 91 58
67 56 15
7 56 41
8 87 8
0 34 29
48 77 79
95 11 94
48 19 14
40 5 31
89 74 71
33 69 55
1 28 70
91 77 63
73 100 14
20 98 70
3 38 18
64 20 30
95 88 7
82 47 46
49 34 10
88 5 55
87 93 35
6 45 79
53 100 79
23 7 57
7 68 97
16 5 23
85 84 21
23 79 47
89 99 82
43 9 84
92 38 94
51 16 84
40 31 94
71 81 41
84 1 80
41 85 26
38 4 40
40 29 19
84 79 48
5 97 10
98 42 24
81 45 30
100 35 40
44 65 58
37 92 57
15 12 1
78 22 46
99 60 89
67 95 83
55 71 19
23 100 5
24 100 35
78 56 13
97 10 17
20 24 95
43 89 76
23 66 83
4 80 61
36 86 34
100 91 18
87 5 14
81 13 32
35 9 73
31 32 20
29 21 89
51 16 83
23 8 13
20 56 46
4 64 27
82 19 81
61 30 32
5 92 68
4 90 64
100 27 67
24 1 68
33 18 17
3 22 39
73 9 85
10 33 21
41 12 92
84 38 75
68 76 65
15 73 20
15 27 85
80 15 95
78 3 72
55 36 81
2 21 41
82 20 52
46 74 16
100 1 1
12 33 57
90 76 61
30 5 55
86 89 75
91 9 77
89 8 11
50 22 39
13 63 44
13 42 34
49 73 97
87 78 17
53 97 9
35 87 31
46 60 37
55 93 15
87 22 56
65 42 19
93 8 68
79 31 94
26 20 90
93 26 48
82 87 30
24 24 77
72 36 27
52 29 5
85 68 41
17 42 4
19 25 7
56 44 57
94 11 37
93 21 57
10 19 4
38 96 19
17 43 82
87 20 40
83 77 15
23 36 86
52 20 71
81 38 43
87 66 72
6 97 77
13 62 100
69 3 81
12 88 91
32 10 75
5 74 9
88 56 9
37 21 1
20 2 14
28 95 98
100 39 9
17 73 94
2 36 39
97 16 13
66 20 11
71 75 25
60 24 94
24 81 77
31 20 6
70 35 42
85 13 84
97 76 47
85 71 33
77 88 1
78 100 69
58 85 42
17 2 33
6 68 91
49 11 58
41 87 80
13 55 55
77 46 98
27 65 77
14 46 40
94 30 1
54 28 35
41 48 10
56 84 29
74 76 22
94 73 33
45 3 87
34 99 40
53 77 48
95 23 15
38 55 3
44 19 7
37 43 86
7 29 92
38 100 15
28 14 70
37 33 85
28 12 87
93 68 55
48 39 20
16 39 79
60 68 69
47 71 80
6 26 84
38 4 1
1 52 5
21 94 36
51 66 33
45 58 33
75 56 53
30 15 68
57 52 31
49 48 55
64 76 28
86 82 81
57 85 91
34 14 7
84 32 46
31 37 19
22 34 52
7 13 7
34 85 73
58 36 22
100 26 16
1 81 66
98 23 27
44 52 32
87 47 83
98 80 87
45 12 15
46 13 17
22 95 30
3 75 98
84 30 23
23 76 96
19 41 36
21 1 14
96 74 56
58 20 9
76 9 32
97 44 60
100 68 14
19 23 85
32 14 83
46 38 10
25 69 7
55 84 13
72 17 12
100 66 7
94 41 86
72 40 83
43 82 22
76 5 76
77 76 20
0 53 42
10 67 92
19 78 93
24 89 95
24 8 15
17 69 21
0 39 48
85 12 5
82 32 14
66 16 67
85 73 70
61 89 91
81 58 33
98 87 25
0 65 91
41 97 37
13 66 1
52 91 16
73 35 23
39 68 98
32 68 96
55 48 15
8 31 78
77 28 9
