3
12 5
(()(((()))))
1 1 1 1 1 1 1 1 1 1 1 1
1 1 1 1 1 1 1 1 1 1 1 1
1 1 1 1 1 1 1 1 1 1 1 1
7 4 4 12 5
12 11 10 1 6
12 5
(()(((()))))
1 1 1 1 1 1 1 1 1 1 1 1
1 1 1 1 1 1 1 1 1 1 1 1
1 1 1 1 1 1 1 1 1 1 1 1
7 4 4 12 5
12 11 10 1 6
12 100
(()(((()))))
1 1 1 1 1 1 1 1 1 1 1 1
1 1 1 1 1 1 1 1 1 1 1 1
1 1 1 1 1 1 1 1 1 1 1 1
1 8 8 4 12 3 5 1 9 7 3 6 2 8 12 9 7 4 3 7 6 4 7 11 2 4 7 1 6 5 12 11 1 11 11 2 7 6 1 4 8 10 7 6 5 3 11 12 6 3 12 8 10 6 3 1 1 11 10 11 3 9 2 7 7 7 3 4 8 2 5 2 12 2 9 4 6 10 7 11 8 8 6 7 9 3 1 11 9 4 1 2 2 9 8 11 1 9 6 7 10
8 2 3 2 1 12 1 11 1 2 1 10 7 5 3 4 3 9 10 6 5 2 6 8 6 7 5 10 7 6 7 9 10 8 5 10 8 9 6 10 1 2 1 8 7 10 12 6 12 2 8 6 7 1 10 4 7 2 10 2 2 7 9 8 8 8 11 10 7 3 6 8 1 7 7 9 3 11 10 8 5 6 6 7 11 1 10 2 8 2 11 6 3 7 5 5 10 4 4 2 4
