100
2 2
0.50 0.50
4 2
0.00 0.00 1.00 1.00
3 2
0.50 0.75 1.00
16 6
0.61 0.63 0.09 0.00 0.66 0.70 0.64 0.70 0.61 0.01 0.67 0.70 0.68 0.67 0.68 0.10
16 6
0.00 0.02 0.01 0.01 0.00 0.01 0.02 0.00 0.00 0.00 0.01 0.00 0.01 0.01 0.00 0.00
16 10
0.50 0.51 0.48 0.51 0.48 0.50 0.52 0.48 0.47 0.49 0.47 0.47 0.46 0.47 0.50 0.50
2 2
1.00 1.00
16 2
1.00 0.98 1.00 0.99 1.00 0.99 0.98 0.99 0.98 0.98 1.00 0.98 0.98 0.98 0.98 0.98
8 2
0.00 0.00 1.00 0.00 1.00 1.00 1.00 0.00
16 8
0.04 0.01 0.24 0.02 0.03 0.62 0.01 0.30 0.56 0.08 0.00 0.92 0.10 0.80 0.09 0.96
8 2
1.00 1.00 0.00 1.00 1.00 1.00 1.00 1.00
3 2
0.40 0.50 0.60
3 2
0.04 0.01 0.02
16 8
0.00 0.01 0.68 0.00 0.90 0.72 0.59 0.02 0.52 0.00 0.58 0.00 0.02 0.00 0.61 0.55
16 4
0.67 0.67 0.69 0.61 0.68 0.03 0.69 0.70 0.01 0.70 0.02 0.68 0.69 0.63 0.68 0.01
16 6
0.55 0.22 0.01 0.15 0.46 0.44 0.17 0.51 0.64 0.42 0.28 0.53 0.01 0.48 0.66 0.54
16 8
0.09 1.00 0.50 0.42 1.00 1.00 0.02 0.37 0.98 0.98 0.33 0.98 0.25 0.99 0.11 0.99
16 8
0.06 0.03 0.04 0.00 0.06 0.05 0.63 0.64 0.00 0.08 0.63 0.01 0.67 0.06 0.01 0.00
16 10
0.98 0.98 0.99 0.99 0.99 0.98 1.00 0.99 0.99 0.99 1.00 0.98 0.99 1.00 1.00 0.98
4 2
0.00 0.98 1.00 1.00
16 14
0.50 0.51 0.49 0.50 0.50 0.50 0.49 0.50 0.50 0.49 0.51 0.51 0.50 0.50 0.49 0.49
16 10
0.51 0.49 0.51 0.49 0.49 0.49 0.50 0.50 0.51 0.50 0.51 0.50 0.49 0.50 0.50 0.51
16 10
0.49 0.50 0.49 0.46 0.47 0.48 0.47 0.51 0.52 0.48 0.50 0.51 0.48 0.47 0.47 0.50
16 12
0.04 0.68 0.00 0.00 0.10 0.62 0.05 0.65 0.02 0.02 0.07 0.62 0.00 0.09 0.09 0.09
4 2
0.01 0.98 0.01 0.99
16 8
0.03 0.00 0.33 0.13 0.45 0.37 0.01 0.01 0.02 0.07 0.01 0.02 0.00 0.41 0.00 0.03
8 2
1.00 1.00 1.00 1.00 1.00 1.00 1.00 1.00
8 4
1.00 1.00 0.00 0.00 0.00 1.00 1.00 0.00
3 2
0.50 0.80 0.10
8 2
1.00 0.00 1.00 0.00 0.00 1.00 1.00 1.00
16 8
0.43 0.43 0.51 0.56 0.46 0.57 0.48 0.49 0.48 0.55 0.51 0.48 0.55 0.51 0.56 0.57
4 4
1.00 0.00 1.00 0.00
3 2
0.50 0.30 0.80
16 8
0.56 0.49 0.51 0.44 0.56 0.57 0.57 0.48 0.55 0.48 0.51 0.43 0.46 0.48 0.55 0.51
16 10
0.07 0.66 0.60 0.02 0.65 0.68 0.09 0.63 0.68 0.04 0.64 0.69 0.65 0.62 0.67 0.61
16 8
0.52 0.54 0.51 0.56 0.47 0.55 0.47 0.51 0.51 0.51 0.46 0.46 0.46 0.48 0.54 0.54
16 10
0.57 0.69 0.36 0.70 0.57 0.42 0.60 0.54 0.62 0.38 0.46 0.54 0.44 0.53 0.38 0.68
4 2
0.00 0.00 1.00 0.02
16 8
0.71 0.99 0.99 0.78 0.98 0.99 0.57 0.99 0.88 0.98 0.73 0.98 0.59 0.99 0.93 0.58
16 8
0.99 0.56 0.91 0.98 1.00 0.98 0.58 0.99 0.99 0.54 0.70 0.99 0.98 0.89 0.82 1.00
8 6
1.00 1.00 1.00 1.00 1.00 1.00 0.00 1.00
3 2
0.50 0.50 0.50
16 6
0.41 0.42 0.24 0.20 0.58 0.45 0.38 0.53 0.30 0.64 0.37 0.42 0.35 0.53 0.20 0.48
16 6
0.38 0.20 0.48 0.53 0.37 0.24 0.53 0.41 0.64 0.42 0.19 0.58 0.42 0.35 0.45 0.30
4 2
1.00 1.00 1.00 0.00
16 10
0.48 0.63 0.87 0.61 0.05 0.11 1.00 0.69 0.73 0.55 0.57 0.86 0.29 0.10 0.65 0.78
8 6
1.00 0.00 1.00 0.00 0.00 1.00 1.00 1.00
4 4
0.50 0.50 0.50 0.50
16 8
0.24 0.03 0.07 0.02 0.02 0.00 0.06 1.00 0.07 0.42 0.20 0.02 0.80 0.09 0.48 0.87
8 4
1.00 0.00 0.00 1.00 1.00 0.00 1.00 1.00
8 4
0.00 1.00 1.00 1.00 1.00 1.00 1.00 1.00
16 14
0.70 0.60 0.64 0.02 0.68 0.67 0.60 0.69 0.69 0.70 0.06 0.64 0.09 0.61 0.63 0.09
2 2
0.00 0.50
16 2
0.07 0.04 0.63 0.01 0.62 0.70 0.66 0.65 0.70 0.67 0.66 0.70 0.61 0.01 0.68 0.70
16 2
0.49 0.51 0.51 0.51 0.51 0.50 0.49 0.49 0.49 0.51 0.49 0.49 0.50 0.51 0.49 0.50
16 12
0.65 0.02 0.67 0.66 0.10 0.04 0.61 0.05 0.60 0.61 0.69 0.66 0.61 0.70 0.69 0.69
12 8
0.95 0.24 0.71 0.94 0.56 0.94 0.19 0.15 0.80 0.12 0.78 0.69
12 8
0.36 0.94 0.27 0.92 0.26 0.20 0.90 0.80 0.14 0.87 0.78 0.29
8 6
1.00 1.00 1.00 1.00 1.00 1.00 1.00 1.00
12 12
0.51 0.61 0.25 0.00 0.94 0.02 0.18 0.46 0.93 0.24 0.08 0.98
8 4
1.00 1.00 1.00 1.00 1.00 1.00 1.00 1.00
8 6
1.00 0.00 0.00 1.00 1.00 1.00 1.00 1.00
16 10
0.59 0.13 0.36 0.28 0.38 0.42 0.20 0.37 0.18 0.46 0.62 0.37 0.60 0.26 0.62 0.66
16 14
0.40 0.70 0.31 0.51 0.31 0.68 0.60 0.55 0.68 0.33 0.61 0.38 0.36 0.37 0.60 0.33
2 2
0.00 0.00
4 2
0.00 0.00 0.00 0.02
16 8
1.00 1.00 0.99 0.42 0.40 0.25 0.98 0.42 0.33 0.99 0.99 1.00 0.98 0.38 0.25 0.34
3 2
1.00 0.00 0.00
16 8
0.00 0.98 0.94 1.00 0.10 0.91 0.99 0.98 0.06 0.07 0.08 0.94 0.06 0.04 0.90 0.09
16 4
0.01 0.02 0.69 0.01 0.06 0.02 0.09 0.04 0.10 0.02 0.02 0.04 0.68 0.04 0.66 0.66
4 2
0.00 0.00 0.00 0.00
16 10
0.60 0.01 0.04 0.10 0.03 0.03 0.07 0.04 0.03 0.05 0.66 0.00 0.70 0.00 0.68 0.08
16 8
0.00 0.70 0.01 0.02 0.01 0.82 0.01 0.02 0.00 0.85 0.78 0.95 0.87 0.72 0.00 0.89
16 14
0.01 0.02 0.00 0.02 0.00 0.01 0.01 0.02 0.00 0.01 0.01 0.00 0.02 0.01 0.02 0.00
16 6
0.04 0.04 0.69 0.04 0.62 0.61 0.01 0.66 0.08 0.03 0.03 0.05 0.04 0.06 0.04 0.09
16 6
0.51 0.49 0.50 0.50 0.49 0.51 0.51 0.51 0.49 0.51 0.50 0.51 0.51 0.51 0.49 0.51
8 2
1.00 1.00 1.00 1.00 1.00 0.00 1.00 0.00
2 2
0.45 0.05
16 10
0.46 0.60 0.18 0.62 0.26 0.37 0.66 0.38 0.20 0.36 0.42 0.13 0.37 0.59 0.28 0.61
4 2
1.00 0.00 0.00 0.00
16 8
0.01 0.09 0.03 0.22 0.03 0.91 0.81 0.01 0.27 0.08 0.00 0.52 0.20 0.07 0.07 0.79
16 14
0.05 0.02 0.08 0.07 0.06 0.05 0.06 0.05 0.68 0.02 0.09 0.10 0.69 0.67 0.05 0.60
16 8
0.93 0.99 0.90 0.93 0.02 0.10 0.08 0.94 0.04 0.98 0.09 0.95 0.02 0.08 0.98 0.08
16 2
0.53 0.62 0.50 0.34 0.53 0.60 0.67 0.66 0.64 0.53 0.48 0.46 0.32 0.48 0.65 0.39
16 8
0.60 0.65 0.60 0.01 0.66 0.63 0.60 0.05 0.60 0.64 0.64 0.63 0.61 0.63 0.04 0.01
16 6
0.60 0.60 0.40 0.64 0.33 0.48 0.41 0.33 0.45 0.36 0.44 0.66 0.42 0.38 0.36 0.50
16 10
0.02 0.01 0.02 0.02 0.02 0.02 0.00 0.01 0.01 0.02 0.00 0.02 0.00 0.01 0.01 0.00
16 8
0.01 0.02 0.36 0.11 0.00 0.34 0.01 0.08 0.34 0.01 0.00 0.23 0.01 0.36 0.00 0.46
16 6
0.98 1.00 0.98 0.99 0.98 1.00 0.99 1.00 1.00 1.00 0.99 0.99 1.00 0.99 0.98 0.98
16 14
0.99 0.99 0.98 1.00 1.00 0.98 1.00 1.00 0.98 0.99 0.99 0.99 0.99 0.98 1.00 1.00
16 2
0.07 0.10 0.00 0.66 0.06 0.09 0.01 0.01 0.07 0.61 0.01 0.04 0.02 0.63 0.69 0.00
16 2
0.00 0.00 0.02 0.02 0.00 0.02 0.00 0.01 0.01 0.02 0.00 0.00 0.01 0.02 0.00 0.01
16 8
0.94 1.00 0.08 0.05 0.06 0.01 0.10 0.91 0.95 0.92 0.96 0.02 0.01 1.00 0.06 0.90
16 8
0.56 0.46 0.51 0.48 0.46 0.52 0.47 0.51 0.51 0.46 0.54 0.51 0.56 0.47 0.54 0.54
16 2
0.60 0.47 0.68 0.86 0.10 0.29 0.16 0.13 0.45 0.13 0.22 0.75 0.55 0.43 0.89 0.69
8 6
0.00 1.00 1.00 1.00 0.00 1.00 0.00 0.00
8 4
1.00 1.00 1.00 1.00 0.00 1.00 0.00 1.00
2 2
1.00 0.00
4 4
0.98 0.01 0.01 0.99
16 14
0.90 0.82 0.38 0.34 0.75 0.60 0.28 0.69 0.00 0.56 0.96 0.68 0.28 0.88 0.08 0.38
