100
2 2
0.50 0.50
4 2
0.00 0.00 1.00 1.00
3 2
0.50 0.75 1.00
16 10
0.54 0.32 0.32 0.46 0.54 0.41 0.61 0.44 0.57 0.37 0.53 0.33 0.48 0.53 0.44 0.30
16 10
0.00 0.00 0.00 0.01 0.00 0.02 0.01 0.01 0.02 0.00 0.02 0.00 0.01 0.01 0.00 0.01
2 2
0.00 0.00
16 8
0.95 0.02 0.31 0.34 0.10 0.09 0.00 0.64 0.03 0.38 0.98 0.09 0.10 0.61 0.10 0.10
16 10
0.73 0.84 0.57 0.59 0.92 0.51 0.10 0.63 0.50 0.61 0.33 0.13 0.41 0.69 0.72 0.00
4 4
0.01 0.98 0.01 0.99
16 6
0.01 0.02 0.02 0.01 0.02 0.02 0.01 0.01 0.00 0.01 0.02 0.02 0.00 0.02 0.00 0.00
4 4
0.00 1.00 1.00 0.00
8 4
1.00 1.00 1.00 0.00 0.00 1.00 0.00 1.00
16 10
0.55 0.48 0.50 0.44 0.42 0.50 0.51 0.44 0.49 0.57 0.52 0.46 0.58 0.49 0.41 0.50
4 2
1.00 1.00 0.98 0.00
12 6
0.54 0.66 0.32 0.22 0.11 0.10 0.10 0.90 0.55 0.11 0.23 0.12
16 8
0.99 1.00 0.90 0.70 0.98 0.76 0.65 1.00 0.77 0.99 0.98 1.00 0.81 0.91 1.00 0.58
16 10
0.60 0.19 0.23 0.81 0.34 0.74 0.55 0.35 0.54 0.58 0.75 0.72 0.15 0.28 0.49 0.59
16 6
0.04 0.60 0.68 0.06 0.09 0.02 0.68 0.06 0.05 0.04 0.10 0.02 0.05 0.07 0.00 0.61
8 2
1.00 1.00 1.00 1.00 1.00 1.00 1.00 1.00
16 2
0.35 0.31 0.58 0.36 0.37 0.61 0.44 0.31 0.65 0.34 0.36 0.30 0.50 0.39 0.66 0.59
8 6
1.00 1.00 1.00 1.00 1.00 1.00 1.00 1.00
16 8
0.63 0.99 0.00 0.53 0.53 0.91 0.01 0.01 0.01 0.02 0.92 0.01 0.62 0.01 0.90 0.00
16 10
0.69 0.60 0.61 0.02 0.07 0.61 0.66 0.61 0.08 0.67 0.70 0.02 0.66 0.63 0.66 0.61
4 4
0.50 0.50 0.50 0.50
16 8
0.02 0.04 0.65 0.10 0.04 0.06 0.00 0.62 0.04 0.61 0.03 0.62 0.04 0.10 0.03 0.08
16 8
0.07 0.31 0.09 0.87 0.01 0.09 0.66 0.03 0.03 0.48 0.44 0.05 0.00 0.58 0.22 0.00
8 4
1.00 1.00 0.00 1.00 1.00 1.00 1.00 1.00
3 2
0.80 0.30 0.50
16 8
0.00 0.78 0.90 0.51 0.01 0.01 0.63 0.02 0.01 0.66 0.01 0.69 0.00 0.76 0.00 0.57
16 8
0.43 0.60 0.81 0.40 0.82 0.35 0.38 0.68 0.63 0.54 0.70 0.72 0.63 0.64 0.63 0.79
16 10
0.49 0.50 0.49 0.49 0.49 0.49 0.51 0.50 0.50 0.51 0.49 0.50 0.50 0.50 0.50 0.49
3 2
0.60 0.40 0.50
16 4
0.00 0.00 0.60 0.07 0.10 0.62 0.02 0.10 0.06 0.66 0.06 0.00 0.01 0.64 0.03 0.10
16 10
0.09 0.01 0.69 0.07 0.65 0.04 0.08 0.70 0.09 0.70 0.01 0.06 0.05 0.08 0.03 0.10
8 6
1.00 1.00 1.00 1.00 0.00 0.00 1.00 0.00
16 2
0.79 0.09 0.26 0.20 0.17 0.07 0.13 0.78 0.72 0.01 0.25 0.83 0.01 0.02 0.82 0.03
2 2
1.00 1.00
16 10
1.00 0.98 0.99 0.98 0.98 0.98 0.99 1.00 0.99 0.98 0.98 1.00 1.00 1.00 0.98 1.00
16 10
0.42 0.49 0.44 0.49 0.50 0.52 0.51 0.46 0.50 0.44 0.48 0.58 0.50 0.57 0.40 0.55
4 2
0.00 1.00 0.00 0.00
16 2
0.02 0.09 0.66 0.08 0.08 0.10 0.09 0.09 0.66 0.10 0.68 0.09 0.64 0.08 0.04 0.05
8 6
0.00 1.00 1.00 1.00 1.00 0.00 0.00 0.00
8 2
0.00 1.00 1.00 1.00 1.00 0.00 1.00 0.00
16 8
1.00 0.09 0.03 0.10 0.09 0.96 0.96 0.06 1.00 0.94 0.96 0.02 0.99 0.94 0.06 0.06
16 10
0.39 0.69 0.44 0.37 0.68 0.54 0.30 0.53 0.44 0.32 0.71 0.48 0.27 0.65 0.77 0.59
12 12
0.65 0.95 0.45 0.20 0.22 0.90 0.18 0.79 0.41 0.59 0.06 0.19
16 2
0.02 0.00 0.00 0.02 0.02 0.02 0.00 0.01 0.00 0.02 0.01 0.01 0.01 0.00 0.00 0.02
16 8
0.10 0.02 0.01 0.06 0.00 0.01 0.05 0.97 0.94 0.93 0.92 0.97 0.99 0.94 0.90 0.07
16 14
0.98 1.00 0.98 1.00 0.98 0.98 0.99 1.00 0.99 0.98 0.99 1.00 0.99 0.99 1.00 0.99
2 2
0.00 0.50
16 2
0.10 0.64 0.61 0.02 0.69 0.63 0.70 0.68 0.02 0.63 0.66 0.02 0.60 0.61 0.63 0.68
3 2
0.02 0.01 0.04
4 2
0.00 0.00 0.02 0.00
16 14
0.01 0.02 0.01 0.02 0.01 0.00 0.01 0.01 0.02 0.01 0.01 0.00 0.00 0.00 0.02 0.00
16 10
0.60 0.35 0.23 0.74 0.34 0.75 0.55 0.72 0.59 0.58 0.81 0.49 0.15 0.20 0.54 0.28
16 8
1.00 0.60 0.98 0.51 0.83 0.98 0.99 0.61 0.97 0.78 0.98 0.93 0.69 0.98 0.98 0.98
2 2
0.45 0.05
16 6
0.50 0.50 0.51 0.51 0.51 0.51 0.49 0.50 0.51 0.51 0.50 0.50 0.49 0.51 0.50 0.51
16 8
0.79 0.60 0.40 0.82 0.53 0.63 0.63 0.43 0.64 0.68 0.70 0.72 0.38 0.35 0.63 0.81
4 2
0.00 0.00 0.02 1.00
12 6
0.19 0.27 0.42 0.16 0.01 0.09 0.74 0.72 0.57 0.51 0.40 0.70
16 8
0.34 0.01 0.21 0.02 0.01 0.01 0.02 0.46 0.01 0.14 0.02 0.00 0.42 0.11 0.17 0.14
16 2
0.49 0.51 0.51 0.51 0.50 0.51 0.51 0.51 0.51 0.50 0.50 0.49 0.51 0.49 0.50 0.50
16 8
0.01 0.01 0.02 0.00 0.00 0.32 0.25 0.41 0.36 0.01 0.48 0.02 0.09 0.32 0.01 0.23
16 8
0.12 0.30 0.98 0.25 0.98 0.99 0.99 0.49 0.98 0.33 0.18 0.22 0.98 0.31 1.00 1.00
16 10
0.36 0.36 0.25 0.32 0.37 0.42 0.15 0.30 0.52 0.57 0.62 0.68 0.28 0.32 0.50 0.65
16 14
0.48 0.51 0.22 0.07 0.26 0.14 0.22 0.29 0.20 0.37 0.38 0.62 0.58 0.54 0.46 0.67
8 2
1.00 1.00 1.00 1.00 1.00 1.00 1.00 0.00
3 2
0.00 1.00 0.00
8 4
1.00 1.00 1.00 1.00 1.00 1.00 1.00 1.00
16 14
0.70 0.69 0.01 0.65 0.10 0.62 0.60 0.60 0.01 0.69 0.61 0.61 0.69 0.61 0.07 0.68
16 12
0.67 0.07 0.00 0.02 0.61 0.05 0.02 0.04 0.06 0.68 0.01 0.07 0.04 0.05 0.69 0.07
16 8
0.64 0.61 0.64 0.10 0.10 0.64 0.66 0.05 0.65 0.08 0.66 0.69 0.69 0.69 0.62 0.68
16 14
0.51 0.60 0.48 0.51 0.42 0.42 0.34 0.69 0.42 0.62 0.61 0.63 0.60 0.64 0.51 0.70
16 10
0.50 0.28 0.36 0.52 0.32 0.25 0.32 0.30 0.42 0.68 0.62 0.37 0.36 0.57 0.66 0.15
4 2
0.98 0.99 0.01 0.01
8 2
1.00 1.00 1.00 1.00 1.00 1.00 0.00 0.00
16 8
0.84 0.60 0.00 0.01 0.82 0.94 0.04 0.03 0.00 0.07 0.02 0.78 0.47 1.00 0.72 0.01
16 8
0.03 0.91 1.00 0.00 0.97 0.04 0.04 0.99 0.04 0.10 0.03 0.91 0.97 0.93 0.98 0.08
4 2
0.00 0.00 0.00 0.00
16 6
0.89 0.65 0.74 0.77 0.33 0.94 0.29 0.66 0.79 0.46 0.13 0.91 0.46 0.36 0.09 0.71
4 2
1.00 1.00 0.00 1.00
8 6
1.00 1.00 1.00 1.00 1.00 1.00 0.00 1.00
16 10
0.69 0.77 0.44 0.65 0.48 0.53 0.54 0.32 0.38 0.39 0.30 0.59 0.44 0.27 0.71 0.68
16 6
0.68 0.61 0.03 0.63 0.63 0.03 0.62 0.61 0.63 0.64 0.62 0.09 0.61 0.61 0.67 0.02
16 4
0.67 0.66 0.67 0.67 0.64 0.65 0.66 0.10 0.70 0.09 0.08 0.68 0.01 0.70 0.70 0.66
16 8
0.99 0.37 1.00 0.98 0.42 0.06 0.39 0.23 0.99 0.98 0.98 0.39 0.99 0.99 0.04 0.48
8 4
0.00 1.00 0.00 0.00 1.00 0.00 1.00 1.00
16 2
0.99 0.99 1.00 0.99 1.00 1.00 0.98 1.00 0.99 1.00 0.98 1.00 0.98 1.00 0.98 0.98
2 2
1.00 0.00
3 2
0.10 0.80 0.50
8 6
1.00 0.00 1.00 1.00 1.00 0.00 1.00 1.00
16 14
0.51 0.50 0.51 0.50 0.50 0.49 0.50 0.51 0.51 0.49 0.51 0.50 0.49 0.50 0.49 0.49
16 14
0.06 0.04 0.10 0.05 0.04 0.07 0.07 0.62 0.06 0.07 0.10 0.00 0.63 0.04 0.64 0.60
3 2
0.50 0.50 0.50
16 12
0.64 0.00 0.66 0.10 0.69 0.62 0.70 0.61 0.05 0.69 0.62 0.64 0.09 0.60 0.68 0.63
16 6
0.31 0.54 0.39 0.66 0.38 0.45 0.53 0.51 0.41 0.44 0.60 0.38 0.35 0.60 0.53 0.35
16 6
1.00 1.00 0.98 1.00 0.99 1.00 0.99 1.00 0.98 1.00 0.99 0.99 1.00 0.98 0.99 0.99
8 4
1.00 0.00 1.00 0.00 1.00 1.00 1.00 1.00
8 2
1.00 0.00 1.00 0.00 1.00 0.00 0.00 1.00
