7
1 3
1
5 2
10 5 359999999999 123456789 10
2 3
8 4
3 2
1 2 3
4 3
3 5 7 11
6 5
1 10 20 20 21 11
300 50
92853 78949 33547 61039 99181 13457 73741 92295 28711 62346 45124 17958 4010 30626 29328 9667 4675 87578 77172 11808 12749 97934 2085 95142 16428 96735 46332 26124 40958 78079 93000 59505 43046 46229 83037 70960 57608 77913 44266 34921 8385 34892 37206 9455 12053 65958 88101 82482 35714 77536 5628 80374 89696 97196 25610 68813 19274 8188 89653 41065 71010 28446 7772 21891 84683 22884 47870 74404 63871 4701 32593 9807 2113 3510 36916 73544 52871 82354 42290 90609 39714 85780 9452 54032 14185 16467 19398 36877 94452 10317 37565 77446 74953 77490 14008 425 37809 70368 12177 16253 65168 99405 14142 50203 68078 14396 40035 42653 7317 73831 17650 11909 29303 20047 95213 31137 46690 44840 41097 23123 72892 32801 20393 80707 20218 98816 17256 59480 88539 25000 23901 82963 72982 36364 86374 77315 56724 26201 62562 42259 22223 76007 38087 8591 5102 79125 39927 94051 86207 44008 47455 95136 4596 50823 54694 24559 34507 57317 1498 69934 19292 88363 43871 51377 807 92013 75843 98439 23354 24199 17767 50447 47081 48713 76615 29393 53709 43635 12570 69698 72492 45014 75227 96585 42689 82002 41289 95659 92439 69672 1876 94822 60512 27862 35323 94362 13717 12296 12508 73754 76721 87809 15631 42826 97714 25134 37670 64697 76897 72207 6797 11274 28026 49463 90585 88907 318 95723 60161 72379 61778 64831 31791 75998 47753 17702 37791 8123 77793 98690 68766 12952 24981 58935 39432 2629 35757 25215 2936 30837 13263 34087 87482 68582 28630 33280 61244 27228 37595 31820 89048 27256 41311 76178 23654 30971 76824 89757 41961 32860 24670 33367 14349 89348 24922 95541 56734 55154 48025 84079 97874 16307 58809 98058 68747 63200 10988 67595 9754 91456 5473 53407 6500 35161 71096 20541 43912 46007 82703 64331 68073 66832 16997 73612 86439 72683 80525 18428 64694 86122
