100
1 1
540 600
840 900
2 0
900 1260
180 540
1 1
1439 1440
0 1
2 0
875 1320
1320 1440
2 0
922 1171
497 690
0 2
508 614
491 508
2 0
1079 1429
0 360
0 2
954 1061
867 903
2 0
1156 1400
731 780
0 2
799 1106
1106 1440
2 0
1318 1321
1321 1440
0 2
540 900
180 540
2 0
319 560
560 733
0 2
0 1
1439 1440
2 0
1080 1430
11 361
0 2
328 597
201 328
0 2
965 1201
1356 1440
0 2
180 540
541 901
1 1
1124 1440
399 491
0 1
1036 1258
2 0
1031 1440
865 1031
0 1
1343 1440
0 1
1191 1440
2 0
503 936
223 503
1 1
422 472
1064 1263
2 0
621 1022
1272 1440
1 0
943 1440
2 0
1241 1440
700 1022
1 0
1322 1394
2 0
936 1227
1227 1391
0 2
806 951
1148 1164
0 2
1104 1313
1313 1440
1 0
1333 1440
1 0
894 1440
1 1
1104 1189
636 1104
1 1
161 568
1423 1440
2 0
1080 1430
10 360
2 0
1338 1414
382 621
1 0
1089 1440
0 2
11 361
1080 1440
1 1
1108 1440
476 862
2 0
699 979
653 699
0 2
977 1029
473 652
1 1
741 1139
1139 1440
2 0
1002 1165
1165 1440
0 1
737 1440
2 0
1385 1440
650 1165
0 1
1158 1178
1 1
830 1010
1020 1440
0 2
179 539
540 900
0 2
41 347
347 588
1 1
0 1
1439 1440
1 1
815 1255
1255 1440
2 0
927 1176
1176 1193
1 0
986 1440
2 0
1096 1199
718 1096
1 1
987 1440
775 987
2 0
449 755
69 449
2 0
0 360
1080 1430
1 1
580 1169
1169 1440
0 1
975 1239
2 0
1371 1440
155 469
1 0
343 895
2 0
1432 1440
478 1073
0 2
1423 1440
757 1337
0 2
1144 1440
754 1144
0 1
240 814
0 2
1336 1440
1201 1336
1 0
1435 1440
0 2
958 1332
349 571
0 2
1038 1308
296 300
1 0
1103 1313
2 0
1042 1138
146 615
1 0
595 891
2 0
1439 1440
0 1
0 2
1268 1440
1070 1089
2 0
952 1440
950 952
1 1
767 1066
1066 1440
0 1
559 659
2 0
1008 1127
255 305
0 1
656 720
2 0
242 555
1392 1440
0 1
134 436
2 0
1079 1429
10 360
0 1
186 667
2 0
1311 1440
475 524
2 0
1349 1440
444 715
0 2
1080 1440
0 360
2 0
626 787
1271 1440
0 2
1034 1299
653 1021
0 2
1216 1440
768 822
0 2
757 847
201 207
1 1
1177 1440
979 1177
0 2
957 1440
722 957
2 0
1218 1440
370 695
0 1
1219 1239
2 0
1144 1440
954 1144
2 0
1404 1440
923 1404
1 1
995 1297
1297 1440
0 2
1080 1440
10 360
