100
8
353 1
79 1
37 1
487 1
61 1
3 1
43 1
157 1
4
79 1
233 1
263 1
47 1
3
379 1
317 1
239 2
2
197 1
523 1
5
239 1
269 1
233 1
83 1
337 1
9
97 1
439 1
163 1
47 1
191 1
541 1
137 1
349 1
431 1
9
379 1
389 1
2 1
19 1
263 1
127 1
419 1
167 1
37 1
5
11 1
317 1
163 1
283 1
227 1
0
1
23 2
7
53 1
379 1
71 1
271 1
383 1
331 1
419 1
6
107 1
389 1
479 1
383 1
283 1
311 1
3
191 1
127 1
107 1
5
257 1
271 1
2 1
193 1
383 1
2
199 1
97 1
4
53 1
131 1
503 1
173 1
9
257 1
367 1
71 1
491 1
149 1
229 1
11 1
241 1
449 1
1
271 1
8
73 1
53 1
181 1
461 1
307 1
313 1
107 1
241 1
2
281 1
257 1
2
389 1
223 1
3
7 1
277 1
251 1
0
6
373 1
509 1
157 1
149 1
31 1
499 1
2
421 1
101 1
2
269 1
151 1
4
137 1
269 1
229 1
199 2
5
307 1
379 1
211 1
283 1
173 1
4
311 1
37 1
251 1
127 1
9
2 1
353 1
229 1
13 1
241 1
541 1
307 1
509 1
113 1
2
401 1
97 1
3
37 1
373 1
317 1
0
8
421 1
3 1
101 1
353 1
13 1
59 1
67 1
337 2
1
379 1
1
43 1
3
37 1
293 1
163 1
5
409 1
353 1
313 1
89 1
167 1
6
541 1
23 1
463 1
521 1
251 1
223 1
7
97 1
179 1
373 1
173 1
503 1
7 1
353 1
7
523 1
223 1
401 1
443 1
11 1
419 1
337 1
7
23 1
199 1
389 1
449 1
173 1
41 1
83 1
4
541 1
349 1
359 1
79 1
4
157 1
509 1
197 1
307 1
2
211 1
31 1
0
6
103 1
31 1
281 1
421 1
211 1
401 1
9
389 1
499 1
269 1
383 1
223 1
23 1
131 1
331 1
43 1
1
277 1
2
349 1
101 1
8
521 1
277 1
193 1
433 1
37 1
443 1
419 1
373 1
6
43 1
229 1
233 1
127 1
359 1
389 1
5
421 1
389 1
17 1
191 1
41 1
3
239 1
467 1
67 1
1
367 1
7
503 1
271 1
311 1
67 1
197 1
43 1
107 1
4
139 1
223 1
359 1
443 1
7
59 2
23 1
223 1
191 2
167 1
353 1
269 1
7
47 1
241 1
269 1
2 1
149 1
491 1
523 1
7
461 1
349 1
157 1
269 1
317 1
499 1
487 1
7
359 1
367 1
23 1
509 1
479 1
131 1
211 1
3
467 1
379 1
449 1
4
409 1
491 1
277 1
283 1
7
337 1
163 1
53 1
17 1
509 1
331 1
223 1
0
7
131 1
107 1
293 1
283 1
337 1
401 1
491 1
6
257 1
317 1
167 1
409 1
103 1
19 1
6
433 1
3 1
443 1
37 1
89 1
11 1
7
157 1
61 1
331 1
509 1
29 1
379 1
107 1
6
263 1
139 1
373 1
283 1
509 1
281 1
4
37 1
461 1
271 1
269 1
8
449 1
211 1
349 1
163 1
431 1
79 1
43 1
467 1
1
439 1
4
137 1
2 1
61 1
31 1
5
23 1
479 1
173 1
53 1
17 1
7
431 1
41 1
457 1
223 1
163 1
269 1
53 1
3
211 1
193 1
311 1
3
283 1
31 1
397 1
5
307 1
193 1
479 1
521 1
139 1
9
461 1
373 1
251 1
263 1
17 1
79 1
83 1
113 1
179 1
0
5
83 2
173 1
37 1
23 1
251 1
0
0
6
443 2
151 1
353 1
3 1
137 1
283 1
7
17 1
109 1
193 1
461 1
439 1
191 1
241 1
6
79 1
109 1
263 1
223 1
503 1
281 1
4
223 1
419 1
433 1
7 1
4
191 1
311 1
107 1
151 1
2
457 1
307 1
3
283 1
17 2
113 1
2
283 2
179 1
7
199 1
191 1
229 1
439 1
137 1
149 1
467 1
4
89 1
383 1
541 1
421 1
6
379 1
467 1
229 1
61 1
173 1
113 1
8
79 1
331 1
191 1
379 1
523 1
73 1
457 1
439 1
0
7
307 1
383 2
313 1
283 1
179 1
419 1
47 1
6
443 1
131 1
439 1
367 1
263 1
2 1
6
331 1
251 1
281 1
181 1
179 1
137 1
