20
474643 674079
411167 280807 372349
0 1 1
633702491 345657116 802662785
194107 578522
117654 163886 59620
0 1 2
960228149 104066584 680852273
624414 454095
327753 207887 389969
2 1 1
831253720 183125273 845049133
163708 568724
139072 44023 139620
2 1 1
453195548 722071586 600751178
654423 284147
483478 468712 22916
2 1 2
775556161 593377338 145910966
517286 676390
481124 225324 24307
0 1 1
185125399 50358534 519864518
5 20
1 1 1
1 1 2
3 5 7
800 4000
13 17 23
2 1 1
29 31 37
324010 356760
232231 321651 24956
1 1 1
955408418 156273071 693034138
348937 720507
200303 95637 51577
2 1 1
109451695 209132836 183990710
246495 155410
149229 246293 202250
0 1 2
44883265 528488600 215719017
10 30
5 5 5
0 1 1
1 1 1
289939 130055
176569 43551 19523
2 1 1
725938192 55132933 239331339
4 8
1 1 0
0 1 1
1 1 1
2 4
1 1 0
0 1 1
1 1 1
676874 516489
69732 227358 450038
1 1 1
197868883 498633147 394514730
589200 154885
563345 455508 550567
1 1 2
716993302 221116737 665699268
152042 204594
101674 75311 147633
1 1 2
840067818 589970656 366700943
508058 629229
304811 90457 505647
1 1 2
667633093 163269670 472831725
645770 338397
636852 48469 372617
0 1 2
97212074 798033440 163456775
