100
4 4
1.4000
0.5000 0.7000 0.8000 0.6000
2 2
1.0000
0.0000 0.0000
2 2
0.0000
0.9000 0.8000
2 2
0.1000
0.4000 0.5000
1 1
0.3333
0.5000
50 50
23.8274
0.2217 0.3208 0.0061 0.9455 0.5579 0.2357 0.6720 0.3493 0.9674 0.5089 0.5079 0.2218 0.3890 0.1063 0.3483 0.7619 0.2342 0.3538 0.7785 0.1103 0.8241 0.6532 0.1277 0.5985 0.2703 0.7233 0.6569 0.3120 0.5071 0.1342 0.2937 0.4698 0.0589 0.9658 0.5232 0.5134 0.0016 0.9333 0.7952 0.5649 0.4793 0.7190 0.3876 0.0470 0.9087 0.5168 0.3420 0.0802 0.3096 0.1596
50 50
0.0000
0.0000 0.0000 0.0000 0.0000 0.0000 0.0000 0.0000 0.0000 0.0000 0.0000 0.0000 0.0000 0.0000 0.0000 0.0000 0.0000 0.0000 0.0000 0.0000 0.0000 0.0000 0.0000 0.0000 0.0000 0.0000 0.0000 0.0000 0.0000 0.0000 0.0000 0.0000 0.0000 0.0000 0.0000 0.0000 0.0000 0.0000 0.0000 0.0000 0.0000 0.0000 0.0000 0.0000 0.0000 0.0000 0.0000 0.0000 0.0000 0.0000 0.0000
2 2
0.5000
0.5000 0.5000
45 45
18.1467
0.8364 0.6185 0.0348 0.7768 0.5184 0.4908 0.1831 0.1800 0.8518 0.0296 0.5062 0.1291 0.7334 0.3357 0.9409 0.8547 0.6927 0.1523 0.1502 0.5581 0.3560 0.6571 0.9208 0.2670 0.3068 0.6391 0.7076 0.9445 0.2202 0.5967 0.1897 0.7027 0.5456 0.5899 0.1514 0.2879 0.2191 0.3940 0.3348 0.8788 0.3576 0.8778 0.6679 0.9603 0.9074
50 50
19.5357
0.4006 0.7660 0.1680 0.3240 0.4351 0.1160 0.7607 0.7616 0.8157 0.0006 0.4994 0.6195 0.4589 0.0348 0.1508 0.4774 0.7415 0.0208 0.2399 0.8671 0.0777 0.9653 0.0494 0.4942 0.6782 0.9641 0.5208 0.8979 0.5635 0.2128 0.1472 0.8099 0.2396 0.3551 0.7892 0.8355 0.8475 0.5787 0.8769 0.0709 0.5366 0.9996 0.3129 0.3857 0.3899 0.9550 0.3617 0.7266 0.8879 0.9207
46 46
24.2019
0.6409 0.2001 0.1349 0.0109 0.3258 0.2076 0.7251 0.6332 0.8771 0.7382 0.8510 0.7444 0.0884 0.9093 0.4299 0.1108 0.0441 0.4248 0.2978 0.5395 0.4910 0.1438 0.2457 0.0585 0.6771 0.5781 0.9515 0.2511 0.5909 0.3360 0.4026 0.5904 0.8367 0.2688 0.9348 0.0466 0.2071 0.5325 0.1379 0.3665 0.9614 0.9916 0.4767 0.4533 0.0099 0.0581
47 47
17.4486
0.6779 0.7098 0.9300 0.6400 0.7482 0.2127 0.6125 0.8614 0.8669 0.0673 0.0418 0.5143 0.5469 0.9985 0.7630 0.2486 0.2211 0.5521 0.9961 0.4855 0.4858 0.1032 0.1168 0.6204 0.8010 0.0196 0.1885 0.7221 0.5339 0.9992 0.0052 0.3819 0.8148 0.5429 0.0434 0.6791 0.6599 0.6147 0.7106 0.7208 0.4445 0.7895 0.8068 0.5377 0.9019 0.3835 0.8010
2 2
0.3333
0.0000 0.0000
49 49
18.0121
0.4092 0.6684 0.7975 0.2068 0.6819 0.8934 0.6599 0.5606 0.6807 0.5654 0.0001 0.4822 0.6567 0.8406 0.9684 0.6112 0.4404 0.9535 0.8078 0.1247 0.2408 0.9685 0.5060 0.0899 0.1373 0.8840 0.8125 0.9472 0.3761 0.2388 0.6646 0.4843 0.5950 0.1826 0.1985 0.8266 0.1201 0.1668 0.8161 0.2519 0.6070 0.1703 0.4263 0.7151 0.1237 0.0192 0.9300 0.3329 0.9749
48 48
17.0366
0.7551 0.3940 0.7889 0.1561 0.8764 0.6371 0.0072 0.8739 0.4351 0.9871 0.4583 0.8144 0.6836 0.0168 0.1719 0.8836 0.8397 0.2546 0.7649 0.5750 0.8994 0.3075 0.2482 0.2646 0.3604 0.3349 0.0341 0.5186 0.8896 0.9374 0.4748 0.4108 0.8699 0.6019 0.5966 0.6543 0.5448 0.1707 0.0351 0.2727 0.7955 0.8209 0.8621 0.5242 0.5721 0.2160 0.6462 0.7578
46 46
20.2969
0.4085 0.0169 0.1070 0.2313 0.7838 0.2601 0.8179 0.3915 0.4686 0.6663 0.8490 0.9168 0.9004 0.5367 0.2754 0.3786 0.2184 0.0926 0.6487 0.9944 0.6231 0.1804 0.8098 0.6677 0.1423 0.5550 0.4710 0.3314 0.4624 0.5163 0.1351 0.6135 0.5935 0.6970 0.9905 0.3017 0.1394 0.5606 0.1318 0.7076 0.1801 0.9979 0.1671 0.4381 0.4101 0.5575
49 49
16.7921
0.8760 0.5147 0.1528 0.6531 0.8093 0.9377 0.8697 0.0592 0.2619 0.2659 0.8581 0.4038 0.4139 0.6759 0.5066 0.1730 0.5886 0.5323 0.8041 0.1254 0.4959 0.1209 0.4145 0.4972 0.8222 0.2280 0.6472 0.8606 0.4028 0.3638 0.6767 0.5778 0.8667 0.3105 0.3131 0.6098 0.5447 0.6193 0.1534 0.8560 0.9909 0.0075 0.4455 0.5738 0.4845 0.0319 0.0880 0.2914 0.6601
49 49
19.6539
0.4976 0.5045 0.4887 0.4133 0.5340 0.7772 0.6955 0.7392 0.8813 0.2238 0.1174 0.5035 0.9830 0.5834 0.4056 0.2338 0.8417 0.0969 0.6150 0.3879 0.6400 0.4757 0.3292 0.6578 0.0853 0.5035 0.1499 0.5845 0.1139 0.5663 0.6619 0.7685 0.5632 0.0809 0.0717 0.6998 0.3181 0.3913 0.6238 0.1484 0.5821 0.1187 0.9868 0.9830 0.1464 0.3847 0.2697 0.6655 0.9010
48 48
22.7867
0.4114 0.3726 0.6119 0.6210 0.7466 0.6985 0.8922 0.5160 0.2325 0.0540 0.1361 0.4674 0.0858 0.4957 0.8510 0.5702 0.4215 0.7466 0.6867 0.2127 0.8014 0.3325 0.0824 0.5435 0.5315 0.3609 0.1683 0.9053 0.8516 0.4478 0.0672 0.7174 0.8522 0.7927 0.3839 0.4405 0.5276 0.2315 0.1912 0.8264 0.7911 0.0445 0.6989 0.2247 0.6697 0.4285 0.0472 0.1739
49 49
18.6438
0.3302 0.4500 0.2207 0.4580 0.8195 0.3273 0.6221 0.5844 0.9299 0.7176 0.0778 0.2161 0.8774 0.6777 0.7935 0.7789 0.6708 0.5453 0.0781 0.5355 0.3175 0.0248 0.5455 0.0054 0.6166 0.9189 0.1242 0.0374 0.6549 0.0807 0.5010 0.5088 0.0550 0.0107 0.7477 0.9621 0.8737 0.6315 0.7741 0.0966 0.7085 0.0818 0.4602 0.0462 0.1415 0.3195 0.3572 0.2408 0.7908
47 47
20.9911
0.1487 0.9247 0.3821 0.4629 0.9377 0.5124 0.6900 0.1094 0.4198 0.0669 0.5748 0.2353 0.1758 0.9354 0.5618 0.5621 0.7760 0.4190 0.3575 0.2438 0.9402 0.2063 0.8073 0.1282 0.1246 0.2173 0.5552 0.5434 0.8986 0.1799 0.5108 0.3190 0.5990 0.0805 0.8827 0.4891 0.7122 0.0245 0.7212 0.0152 0.5335 0.6242 0.2686 0.4478 0.8389 0.2866 0.9674
50 50
0.0050
0.9999 0.9999 0.9999 0.9999 0.9999 0.9999 0.9999 0.9999 0.9999 0.9999 0.9999 0.9999 0.9999 0.9999 0.9999 0.9999 0.9999 0.9999 0.9999 0.9999 0.9999 0.9999 0.9999 0.9999 0.9999 0.9999 0.9999 0.9999 0.9999 0.9999 0.9999 0.9999 0.9999 0.9999 0.9999 0.9999 0.9999 0.9999 0.9999 0.9999 0.9999 0.9999 0.9999 0.9999 0.9999 0.9999 0.9999 0.9999 0.9999 0.9999
49 49
17.6152
0.2646 0.1382 0.2964 0.0708 0.2502 0.4463 0.6970 0.8846 0.2935 0.2778 0.1682 0.4311 0.9168 0.7659 0.4049 0.1475 0.8527 0.1297 0.8567 0.9347 0.6826 0.9332 0.9268 0.1004 0.2367 0.8478 0.9027 0.2323 0.6160 0.9015 0.6180 0.0196 0.1756 0.6962 0.6262 0.3261 0.7278 0.2274 0.9213 0.6861 0.7280 0.0905 0.6123 0.9782 0.5576 0.1788 0.7971 0.5703 0.1825
48 48
16.9677
0.4316 0.0007 0.4183 0.6577 0.1799 0.8522 0.2581 0.4077 0.7636 0.1050 0.3422 0.1729 0.3942 0.3818 0.8788 0.7257 0.2449 0.7770 0.5420 0.3519 0.8293 0.9636 0.1420 0.8446 0.0315 0.0054 0.3707 0.6883 0.9732 0.3439 0.3507 0.1195 0.0307 0.8733 0.3556 0.2753 0.9108 0.4362 0.7553 0.9039 0.1601 0.3799 0.3363 0.2326 0.9561 0.8571 0.4416 0.3268
48 48
17.0352
0.0558 0.1275 0.5111 0.9868 0.2064 0.1833 0.1655 0.6602 0.6064 0.1776 0.5434 0.6249 0.6104 0.0901 0.8666 0.4009 0.2631 0.6188 0.1683 0.7518 0.6156 0.4575 0.1950 0.0139 0.7872 0.1001 0.6957 0.5972 0.4355 0.4637 0.3121 0.9225 0.4994 0.8193 0.8418 0.8838 0.5097 0.6753 0.0178 0.3891 0.4203 0.0426 0.9759 0.8231 0.8231 0.4271 0.4603 0.2346
48 48
17.3939
0.0628 0.8918 0.1182 0.4648 0.0645 0.3293 0.6484 0.6608 0.3229 0.4857 0.6617 0.4944 0.5495 0.5862 0.8004 0.7296 0.1387 0.6391 0.5112 0.8994 0.8237 0.7671 0.5409 0.6289 0.9302 0.0714 0.6318 0.0072 0.4293 0.7461 0.6387 0.5644 0.8704 0.7990 0.7788 0.2483 0.5492 0.3212 0.7236 0.3048 0.4921 0.8159 0.2190 0.1905 0.9780 0.5905 0.2317 0.2958
47 47
21.7667
0.8943 0.1361 0.9041 0.1419 0.2914 0.1318 0.8557 0.0782 0.2847 0.5576 0.7651 0.3242 0.5791 0.7727 0.5792 0.5924 0.0946 0.4860 0.5832 0.7151 0.1037 0.3485 0.4197 0.9130 0.4218 0.2425 0.5081 0.5763 0.9720 0.2550 0.3635 0.6565 0.3222 0.4963 0.1428 0.2877 0.4467 0.1840 0.6593 0.9898 0.8854 0.3228 0.9643 0.8189 0.3646 0.0036 0.8122
47 47
21.8534
0.9146 0.7065 0.2392 0.3002 0.6157 0.7942 0.3737 0.9814 0.1662 0.1951 0.5753 0.5377 0.7812 0.4956 0.5550 0.7770 0.8448 0.5774 0.2959 0.8163 0.4229 0.8784 0.4569 0.1024 0.0750 0.2464 0.2731 0.8777 0.3954 0.5824 0.0746 0.4811 0.0021 0.5673 0.3836 0.2025 0.1555 0.0785 0.8396 0.3476 0.9559 0.8375 0.5100 0.5422 0.1110 0.5510 0.5496
46 46
15.9509
0.3206 0.9569 0.0899 0.1079 0.0233 0.9910 0.1108 0.8201 0.9579 0.0441 0.9283 0.9645 0.3891 0.8959 0.1565 0.7302 0.9109 0.8293 0.0876 0.7641 0.3048 0.3978 0.0252 0.6261 0.6169 0.2163 0.7175 0.4726 0.2883 0.8264 0.3906 0.2254 0.3869 0.0155 0.9504 0.9912 0.9735 0.4419 0.9137 0.4218 0.5472 0.1440 0.9734 0.0878 0.0663 0.9050
50 50
18.8914
0.9310 0.3616 0.1743 0.1227 0.7211 0.8601 0.6032 0.4603 0.8047 0.1062 0.7318 0.2831 0.4708 0.8441 0.2347 0.5496 0.9688 0.0553 0.9507 0.7814 0.4295 0.3567 0.8937 0.8412 0.6447 0.4992 0.7362 0.2027 0.4680 0.6451 0.8893 0.2878 0.5207 0.4443 0.6969 0.2056 0.2312 0.7536 0.3003 0.1050 0.6203 0.7952 0.0860 0.2004 0.1781 0.8674 0.2246 0.1143 0.1735 0.8943
47 47
17.7650
0.7521 0.6749 0.1854 0.1190 0.2575 0.6630 0.8187 0.1529 0.0993 0.0631 0.6300 0.1345 0.6638 0.9047 0.7274 0.0364 0.8596 0.0687 0.7822 0.4153 0.1486 0.7710 0.6502 0.8191 0.2803 0.2746 0.9204 0.2433 0.0370 0.6761 0.7139 0.1819 0.5293 0.5878 0.3295 0.7924 0.3159 0.0214 0.1879 0.9636 0.8093 0.3931 0.6873 0.7515 0.9493 0.7640 0.2135
47 47
2.2784
0.1427 0.7586 0.0239 0.0708 0.1664 0.8156 0.3635 0.3204 0.9963 0.1005 0.1902 0.8419 0.3553 0.6562 0.6506 0.9770 0.6852 0.1028 0.1637 0.9042 0.8193 0.9917 0.3084 0.2816 0.7958 0.8840 0.2346 0.6483 0.8489 0.7939 0.4354 0.5519 0.1277 0.4923 0.6641 0.5550 0.8278 0.9056 0.1305 0.4495 0.9460 0.1259 0.6587 0.7511 0.1539 0.1370 0.3364
46 46
21.9131
0.2065 0.2224 0.0151 0.1306 0.4156 0.3422 0.4472 0.4576 0.7493 0.1616 0.3676 0.2738 0.0120 0.5679 0.7101 0.3990 0.1530 0.1349 0.7082 0.2886 0.9512 0.4499 0.5475 0.9454 0.8108 0.6568 0.0277 0.6751 0.1936 0.3437 0.5756 0.1669 0.2370 0.4052 0.4841 0.1452 0.2883 0.2453 0.8564 0.8493 0.3494 0.6878 0.2911 0.5772 0.5648 0.9914
49 49
22.0289
0.1124 0.7259 0.4522 0.8953 0.0419 0.6982 0.1155 0.1206 0.0217 0.4162 0.4631 0.7426 0.8146 0.2560 0.3328 0.0199 0.1450 0.1344 0.9112 0.1119 0.8959 0.4965 0.4670 0.9680 0.3379 0.3228 0.2822 0.7891 0.2259 0.2640 0.8892 0.5080 0.1825 0.3349 0.7995 0.4224 0.9561 0.3469 0.5200 0.3475 0.2181 0.9492 0.3403 0.7449 0.2501 0.9842 0.9324 0.8692 0.1201
50 50
20.3184
0.1636 0.0207 0.7064 0.4575 0.0418 0.4044 0.7126 0.1205 0.2321 0.9919 0.4036 0.9777 0.6768 0.0358 0.5891 0.5472 0.2927 0.2178 0.2180 0.8938 0.1571 0.3757 0.1476 0.3060 0.0820 0.5162 0.3790 0.1730 0.1927 0.7523 0.9549 0.3294 0.7943 0.0531 0.1271 0.5642 0.1489 0.8116 0.2599 0.3629 0.5552 0.6255 0.2094 0.6451 0.6318 0.9298 0.9156 0.5386 0.6017 0.3312
47 47
23.9097
0.4778 0.0216 0.7430 0.4289 0.7320 0.6681 0.2448 0.8890 0.4963 0.6075 0.2516 0.1609 0.3988 0.2603 0.7595 0.4385 0.7812 0.3067 0.1533 0.7185 0.8099 0.2036 0.5787 0.2884 0.0632 0.4804 0.3753 0.1130 0.7310 0.8455 0.2595 0.3706 0.0066 0.3192 0.8787 0.5448 0.8674 0.5315 0.7896 0.5822 0.0888 0.2024 0.4995 0.6572 0.0589 0.5270 0.5314
4 4
1.3999
0.6000 0.7000 0.5000 0.8000
47 47
22.7330
0.2748 0.7471 0.1942 0.1917 0.8558 0.5306 0.0996 0.6543 0.4009 0.7434 0.6155 0.6181 0.3626 0.6832 0.3134 0.4720 0.0507 0.4116 0.4480 0.3355 0.8064 0.5440 0.5351 0.4735 0.7529 0.2967 0.2493 0.3702 0.0393 0.9924 0.0929 0.6171 0.6042 0.5699 0.3328 0.8504 0.7562 0.4809 0.2112 0.8536 0.2128 0.1871 0.4909 0.4016 0.3975 0.1208 0.7038
50 50
0.0000
0.9999 0.9999 0.9999 0.9999 0.9999 0.9999 0.9999 0.9999 0.9999 0.9999 0.9999 0.9999 0.9999 0.9999 0.9999 0.9999 0.9999 0.9999 0.9999 0.9999 0.9999 0.9999 0.9999 0.9999 0.9999 0.9999 0.9999 0.9999 0.9999 0.9999 0.9999 0.9999 0.9999 0.9999 0.9999 0.9999 0.9999 0.9999 0.9999 0.9999 0.9999 0.9999 0.9999 0.9999 0.9999 0.9999 0.9999 0.9999 0.9999 0.9999
47 47
19.4322
0.3346 0.0784 0.5028 0.7121 0.6786 0.8352 0.0955 0.3318 0.6585 0.2272 0.3561 0.2910 0.5037 0.9235 0.7973 0.3653 0.0335 0.9841 0.5522 0.8654 0.1611 0.2367 0.5020 0.4346 0.3923 0.4253 0.6017 0.9829 0.8875 0.4973 0.5688 0.8295 0.1458 0.1671 0.4521 0.6775 0.1773 0.8878 0.6846 0.8175 0.1823 0.2181 0.3826 0.9751 0.4652 0.2540 0.0115
46 46
13.9387
0.0601 0.3037 0.9500 0.7342 0.9851 0.9325 0.7271 0.3114 0.7479 0.7959 0.6453 0.7002 0.7443 0.8178 0.9302 0.8610 0.7783 0.7077 0.5726 0.8703 0.0169 0.1909 0.3527 0.9825 0.6908 0.9160 0.9391 0.8018 0.7255 0.8178 0.6454 0.5243 0.8293 0.2509 0.0815 0.5315 0.7215 0.0050 0.9978 0.0127 0.1876 0.5372 0.9944 0.4885 0.4657 0.1361
1 1
0.5000
0.5000
46 46
18.7639
0.1340 0.4821 0.9785 0.8988 0.4568 0.8781 0.6808 0.4104 0.6058 0.4119 0.3087 0.3351 0.2239 0.8797 0.3419 0.5882 0.4213 0.2229 0.7299 0.8080 0.3487 0.3903 0.5888 0.3832 0.6028 0.7656 0.7158 0.5677 0.3461 0.1628 0.0923 0.7430 0.3824 0.7186 0.0078 0.3553 0.2744 0.7341 0.7419 0.3515 0.8491 0.3509 0.2703 0.1584 0.6770 0.8185
50 50
1.0000
0.0000 0.0000 0.0000 0.0000 0.0000 0.0000 0.0000 0.0000 0.0000 0.0000 0.0000 0.0000 0.0000 0.0000 0.0000 0.0000 0.0000 0.0000 0.0000 0.0000 0.0000 0.0000 0.0000 0.0000 0.0000 0.0000 0.0000 0.0000 0.0000 0.0000 0.0000 0.0000 0.0000 0.0000 0.0000 0.0000 0.0000 0.0000 0.0000 0.0000 0.0000 0.0000 0.0000 0.0000 0.0000 0.0000 0.0000 0.0000 0.0000 0.0000
46 46
20.8786
0.7048 0.8517 0.6929 0.8616 0.9190 0.1959 0.0299 0.6994 0.9517 0.1050 0.9131 0.8703 0.0993 0.1578 0.7227 0.2488 0.8639 0.3438 0.5063 0.2541 0.7285 0.4472 0.7834 0.4531 0.8229 0.4697 0.0145 0.6959 0.4526 0.0590 0.2285 0.4889 0.7589 0.2832 0.6343 0.1398 0.9214 0.3266 0.2184 0.1623 0.0439 0.4451 0.7611 0.5034 0.3403 0.2982
49 49
15.6065
0.2683 0.6657 0.2253 0.5751 0.8446 0.9673 0.5692 0.8406 0.0081 0.7664 0.3220 0.5894 0.4518 0.9228 0.5863 0.9463 0.3866 0.9761 0.2504 0.8340 0.8935 0.9538 0.2543 0.7096 0.2817 0.6483 0.3332 0.0019 0.1480 0.6849 0.3228 0.9333 0.2096 0.5611 0.6157 0.6649 0.6539 0.8916 0.9511 0.9243 0.7113 0.7816 0.2900 0.3468 0.6149 0.9215 0.2132 0.9036 0.8930
49 49
21.0495
0.0773 0.3998 0.6441 0.4143 0.7564 0.5186 0.0439 0.3904 0.2678 0.4980 0.9233 0.0817 0.9889 0.6795 0.5359 0.1137 0.6488 0.0094 0.0205 0.8736 0.1872 0.9166 0.2015 0.6323 0.5472 0.6414 0.9168 0.3313 0.6661 0.9500 0.6990 0.4972 0.2796 0.2037 0.7537 0.9851 0.7320 0.8317 0.5987 0.1727 0.1404 0.6129 0.3944 0.1626 0.4447 0.2731 0.5171 0.6503 0.5920
46 46
21.2793
0.3999 0.5965 0.1575 0.8340 0.1964 0.8863 0.9329 0.0398 0.3360 0.1375 0.9552 0.0514 0.0668 0.5581 0.9503 0.5282 0.4772 0.2333 0.3246 0.5864 0.1133 0.8418 0.8938 0.0500 0.3234 0.2075 0.7089 0.9386 0.7807 0.3625 0.1111 0.5977 0.5747 0.2097 0.6696 0.3461 0.5907 0.2504 0.6169 0.1012 0.1032 0.4055 0.6614 0.1597 0.8051 0.2032
50 50
20.9983
0.3926 0.5178 0.1889 0.9835 0.7689 0.3443 0.3611 0.7754 0.7758 0.5361 0.5501 0.8720 0.5148 0.4487 0.8871 0.0312 0.4584 0.1102 0.4746 0.5195 0.7119 0.7314 0.1120 0.7947 0.3943 0.2056 0.6664 0.7058 0.7924 0.0811 0.0640 0.0099 0.2345 0.6286 0.3977 0.0433 0.5313 0.3970 0.7638 0.1313 0.2479 0.9954 0.8506 0.8181 0.5438 0.3116 0.7323 0.8874 0.4835 0.7737
46 46
21.1114
0.4092 0.9407 0.9988 0.2334 0.1203 0.1341 0.3308 0.1626 0.1638 0.7470 0.7770 0.0511 0.7252 0.0415 0.9722 0.2338 0.2578 0.2157 0.3084 0.2668 0.9570 0.6853 0.8204 0.8352 0.4999 0.2126 0.5060 0.1391 0.1633 0.5647 0.4389 0.4489 0.2118 0.9862 0.1292 0.4110 0.5752 0.1309 0.9533 0.5625 0.2586 0.8739 0.2739 0.7768 0.7055 0.2613
49 49
18.2389
0.2141 0.5407 0.9881 0.9857 0.9999 0.3907 0.9165 0.0353 0.1116 0.6848 0.7310 0.8758 0.6738 0.2874 0.7752 0.3847 0.8871 0.0793 0.4751 0.3429 0.8628 0.4154 0.8018 0.8362 0.8869 0.3745 0.8508 0.5868 0.8682 0.1416 0.2351 0.4689 0.3527 0.0062 0.0269 0.8065 0.5541 0.5667 0.7020 0.6811 0.1809 0.2584 0.5894 0.1561 0.2254 0.9697 0.0755 0.1273 0.7857
45 45
18.7428
0.8608 0.3257 0.6158 0.1506 0.3518 0.2275 0.0945 0.5522 0.2945 0.6979 0.5468 0.8133 0.0181 0.7264 0.5794 0.0354 0.4032 0.4300 0.2048 0.2094 0.0449 0.4136 0.9040 0.4386 0.0819 0.6039 0.3823 0.8802 0.8489 0.9835 0.7428 0.1885 0.7349 0.6385 0.1262 0.9372 0.1380 0.8053 0.1452 0.7269 0.8653 0.4650 0.9716 0.3189 0.5503
47 47
19.7401
0.7179 0.7942 0.3804 0.0753 0.0734 0.1228 0.3235 0.0310 0.4618 0.4794 0.7494 0.9742 0.0166 0.8640 0.2562 0.3692 0.2465 0.7509 0.6308 0.7828 0.1483 0.7575 0.8780 0.9081 0.0536 0.6570 0.9110 0.3369 0.3930 0.5863 0.5846 0.2844 0.6311 0.1186 0.8216 0.1107 0.2962 0.2123 0.9816 0.2484 0.1037 0.4825 0.2059 0.3282 0.0903 0.5269 0.6249
45 45
16.1597
0.0618 0.5314 0.0471 0.3315 0.8204 0.1826 0.6399 0.5908 0.9383 0.2312 0.9545 0.5279 0.4047 0.5036 0.1928 0.7455 0.3382 0.7907 0.9239 0.8449 0.3360 0.1788 0.1574 0.3714 0.7553 0.5878 0.9400 0.8014 0.1218 0.9709 0.2412 0.5514 0.3647 0.6387 0.0816 0.0517 0.8175 0.0436 0.4412 0.2844 0.5928 0.3964 0.1940 0.9635 0.6853
50 50
0.0000
0.3333 0.3333 0.3333 0.3333 0.3333 0.3333 0.3333 0.3333 0.3333 0.3333 0.3333 0.3333 0.3333 0.3333 0.3333 0.3333 0.3333 0.3333 0.3333 0.3333 0.3333 0.3333 0.3333 0.3333 0.3333 0.3333 0.3333 0.3333 0.3333 0.3333 0.3333 0.3333 0.3333 0.3333 0.3333 0.3333 0.3333 0.3333 0.3333 0.3333 0.3333 0.3333 0.3333 0.3333 0.3333 0.3333 0.3333 0.3333 0.3333 0.3333
45 45
18.3090
0.6948 0.7721 0.3637 0.7032 0.0726 0.4730 0.2570 0.9372 0.4546 0.0112 0.7255 0.2925 0.4706 0.1095 0.2046 0.0685 0.5317 0.3456 0.1150 0.3785 0.9514 0.1976 0.0319 0.9912 0.6718 0.9020 0.3095 0.2711 0.1516 0.6719 0.4117 0.8528 0.8196 0.8686 0.8931 0.9265 0.1331 0.1280 0.8093 0.2168 0.9511 0.5954 0.1738 0.4854 0.2158
46 46
15.4769
0.6255 0.6268 0.5747 0.0727 0.7235 0.1393 0.7316 0.1529 0.3460 0.3832 0.3844 0.1342 0.6916 0.5827 0.9034 0.7403 0.5074 0.7555 0.2539 0.1407 0.6052 0.1713 0.0880 0.6190 0.5073 0.5659 0.3698 0.7010 0.3438 0.1865 0.1213 0.7510 0.8616 0.0914 0.8495 0.9525 0.7546 0.4384 0.5890 0.8026 0.4736 0.5156 0.4489 0.6731 0.9907 0.2256
50 50
18.6075
0.7751 0.4129 0.1530 0.0372 0.0220 0.7484 0.5558 0.0632 0.0251 0.8710 0.7072 0.6249 0.0324 0.6362 0.0717 0.2943 0.9938 0.8407 0.5496 0.6572 0.7294 0.4071 0.1999 0.8174 0.5020 0.9497 0.0899 0.1605 0.0257 0.6635 0.7401 0.9977 0.1004 0.4722 0.8908 0.0275 0.8829 0.1888 0.0897 0.8231 0.8325 0.0503 0.5299 0.2731 0.4658 0.0217 0.1796 0.8150 0.0937 0.7224
49 49
25.1986
0.3512 0.3628 0.5769 0.5650 0.4576 0.2259 0.2632 0.2317 0.1770 0.0418 0.6453 0.6044 0.2898 0.6917 0.9950 0.0164 0.4154 0.4843 0.3337 0.2760 0.8618 0.3025 0.3637 0.8968 0.8670 0.6539 0.7220 0.0954 0.2811 0.1276 0.5631 0.1994 0.7352 0.1259 0.2404 0.8286 0.5061 0.2945 0.8834 0.1565 0.4613 0.2714 0.4385 0.0819 0.0497 0.8785 0.8595 0.3724 0.4193
50 50
16.9970
0.9429 0.9332 0.0086 0.4640 0.3656 0.0666 0.9607 0.9763 0.6182 0.1131 0.5712 0.4655 0.7745 0.9066 0.1087 0.0884 0.1661 0.5856 0.1789 0.3722 0.4770 0.6261 0.5610 0.5595 0.3204 0.8870 0.7738 0.8940 0.9723 0.4765 0.0998 0.5164 0.7610 0.2851 0.5301 0.8324 0.4744 0.6101 0.3067 0.0718 0.8357 0.9125 0.8394 0.2153 0.6981 0.7378 0.2659 0.1890 0.2009 0.3442
46 46
23.0951
0.4837 0.3993 0.8942 0.3526 0.2451 0.0982 0.8357 0.0590 0.0461 0.0136 0.3372 0.4949 0.6936 0.8350 0.1487 0.4402 0.6645 0.5158 0.5849 0.1198 0.6799 0.0708 0.3097 0.3085 0.2248 0.1191 0.8839 0.1765 0.2382 0.8848 0.2507 0.7225 0.6786 0.2261 0.1020 0.7775 0.6973 0.6216 0.9864 0.4544 0.0617 0.5722 0.7336 0.8117 0.6767 0.2175
1 1
0.3333
0.0000
49 49
2.2603
0.6873 0.5154 0.7213 0.6857 0.7809 0.4606 0.5165 0.2235 0.8354 0.5347 0.1762 0.0739 0.7481 0.8561 0.6942 0.2831 0.1679 0.5337 0.2062 0.0852 0.8378 0.4266 0.5352 0.3545 0.3106 0.7961 0.8491 0.7064 0.5095 0.2017 0.5509 0.7932 0.8691 0.0706 0.1329 0.6125 0.2869 0.6047 0.1160 0.3850 0.4795 0.7444 0.7694 0.9229 0.2368 0.4856 0.7001 0.4581 0.4379
48 48
17.5528
0.8571 0.2083 0.6186 0.1661 0.6149 0.9299 0.7022 0.9927 0.2281 0.5398 0.4690 0.7988 0.2204 0.2628 0.6524 0.5806 0.6011 0.0210 0.5065 0.6726 0.4187 0.2738 0.2447 0.9472 0.1412 0.4678 0.6602 0.2912 0.8498 0.4530 0.0234 0.2071 0.9560 0.0755 0.8584 0.0589 0.3099 0.8859 0.0860 0.4367 0.5560 0.8538 0.2510 0.3981 0.3870 0.7950 0.5372 0.6391
47 47
19.9202
0.7891 0.3551 0.6276 0.4387 0.2495 0.1346 0.1686 0.9491 0.4340 0.2834 0.6774 0.8239 0.0382 0.2129 0.2464 0.7714 0.7688 0.4885 0.1099 0.2870 0.1445 0.8530 0.0086 0.0610 0.3187 0.4332 0.5948 0.5715 0.4015 0.6493 0.9921 0.4352 0.4049 0.1118 0.1986 0.3658 0.9980 0.7526 0.1506 0.3522 0.5833 0.0019 0.2065 0.2360 0.3447 0.2222 0.8233
46 46
21.2630
0.8490 0.9747 0.7620 0.2137 0.3339 0.8747 0.6614 0.0453 0.2784 0.9542 0.8630 0.9370 0.1832 0.4048 0.7176 0.8279 0.3067 0.4578 0.1755 0.1233 0.0132 0.9271 0.1576 0.1137 0.5747 0.8042 0.2187 0.3007 0.9735 0.4833 0.4757 0.3030 0.2441 0.3146 0.8743 0.0073 0.2021 0.2262 0.9308 0.8805 0.1120 0.7107 0.8038 0.5652 0.2092 0.9554
45 45
18.8107
0.4817 0.9990 0.2312 0.3483 0.8211 0.4473 0.5668 0.7727 0.1109 0.0624 0.7651 0.7766 0.4829 0.4749 0.9328 0.0510 0.5882 0.9963 0.8140 0.5265 0.4271 0.1733 0.3914 0.2414 0.1684 0.8765 0.5845 0.0380 0.9404 0.9459 0.2543 0.9825 0.8956 0.2828 0.1095 0.1082 0.1572 0.9366 0.3718 0.1304 0.8031 0.2245 0.0639 0.3558 0.2667
47 47
0.5837
0.7741 0.3682 0.8283 0.9160 0.3793 0.4096 0.5026 0.7999 0.3950 0.5603 0.2637 0.7167 0.3602 0.7335 0.8867 0.5956 0.8463 0.6696 0.9918 0.4186 0.5646 0.0343 0.8177 0.2976 0.1213 0.5373 0.7619 0.7970 0.7012 0.1291 0.6131 0.2756 0.2916 0.8207 0.6048 0.6248 0.8003 0.1457 0.0304 0.5064 0.6586 0.4499 0.0082 0.8738 0.9137 0.4740 0.3154
46 46
22.1079
0.9975 0.9493 0.4988 0.4411 0.4358 0.0746 0.5371 0.7818 0.8848 0.9252 0.1872 0.4669 0.9229 0.4406 0.1637 0.1256 0.5666 0.9118 0.9935 0.6168 0.1523 0.4318 0.3126 0.0823 0.0797 0.6595 0.7003 0.0774 0.9327 0.4817 0.3122 0.9303 0.5886 0.5444 0.3040 0.3229 0.0189 0.2804 0.0859 0.3923 0.7559 0.4947 0.2735 0.1216 0.6568 0.5282
46 46
13.4974
0.4464 0.1950 0.9224 0.6302 0.9981 0.9505 0.4075 0.9317 0.9607 0.0600 0.6296 0.7203 0.7255 0.9845 0.6986 0.7456 0.9380 0.9916 0.0627 0.8872 0.8348 0.6639 0.8736 0.0915 0.1715 0.7692 0.4994 0.2458 0.6000 0.3551 0.8977 0.6581 0.5490 0.6215 0.4341 0.8908 0.9162 0.1044 0.7003 0.4223 0.2046 0.0092 0.1171 0.7511 0.6996 0.4496
48 48
19.6605
0.5605 0.5907 0.4916 0.1599 0.2292 0.2176 0.8567 0.2035 0.5916 0.3572 0.6561 0.9706 0.4457 0.6070 0.5104 0.2164 0.3361 0.9591 0.0535 0.1213 0.4734 0.2682 0.4847 0.9836 0.9066 0.6275 0.1525 0.4409 0.8557 0.4797 0.3159 0.5281 0.2457 0.1740 0.6609 0.2139 0.8191 0.6416 0.8727 0.5140 0.9356 0.2013 0.1498 0.8759 0.6496 0.4601 0.7102 0.4262
48 48
18.9637
0.8259 0.8940 0.5126 0.3695 0.1451 0.5653 0.6865 0.8897 0.1295 0.3664 0.7179 0.7143 0.7035 0.6228 0.0733 0.9309 0.4799 0.0352 0.3124 0.7787 0.2604 0.7022 0.2615 0.9209 0.0846 0.9861 0.1206 0.3320 0.2233 0.3347 0.6088 0.0468 0.0704 0.8475 0.4007 0.6578 0.7955 0.6960 0.7239 0.0455 0.1381 0.1493 0.9559 0.3041 0.0826 0.3655 0.6660 0.3471
2 2
0.0000
1.0000 1.0000
50 50
0.0000
0.8700 0.8700 0.8700 0.8700 0.8700 0.8700 0.8700 0.8700 0.8700 0.8700 0.8700 0.8700 0.8700 0.8700 0.8700 0.8700 0.8700 0.8700 0.8700 0.8700 0.8700 0.8700 0.8700 0.8700 0.8700 0.8700 0.8700 0.8700 0.8700 0.8700 0.8700 0.8700 0.8700 0.8700 0.8700 0.8700 0.8700 0.8700 0.8700 0.8700 0.8700 0.8700 0.8700 0.8700 0.8700 0.8700 0.8700 0.8700 0.8700 0.8700
50 50
0.6901
0.3512 0.2443 0.7951 0.3724 0.6598 0.6759 0.0857 0.7205 0.7742 0.7255 0.2108 0.8928 0.2665 0.3303 0.3483 0.6986 0.9438 0.3158 0.8764 0.7287 0.9318 0.0507 0.9926 0.7744 0.6915 0.6196 0.8091 0.5154 0.1842 0.1090 0.0770 0.1224 0.2683 0.5983 0.2215 0.2791 0.5160 0.9641 0.8733 0.0932 0.1546 0.5109 0.2187 0.7417 0.8265 0.0539 0.1761 0.0863 0.3337 0.8871
49 49
18.7937
0.0200 0.0934 0.9806 0.9395 0.9503 0.6936 0.6625 0.3983 0.3652 0.9987 0.8830 0.0353 0.3140 0.5850 0.6735 0.0907 0.7066 0.6456 0.5730 0.1655 0.4404 0.9987 0.1926 0.6638 0.7974 0.9517 0.0227 0.8555 0.8920 0.0140 0.2836 0.3960 0.8849 0.0864 0.9286 0.6865 0.6450 0.2921 0.8450 0.8102 0.7773 0.2126 0.5986 0.7274 0.3497 0.5791 0.5586 0.3368 0.1978
45 45
17.8998
0.2001 0.0082 0.6121 0.8561 0.6100 0.7538 0.1258 0.9968 0.5168 0.5199 0.9340 0.9202 0.5397 0.4428 0.0240 0.4774 0.6327 0.9960 0.3929 0.5005 0.7745 0.5656 0.1933 0.3193 0.0820 0.0465 0.8429 0.7828 0.8763 0.0842 0.5868 0.9670 0.5723 0.4691 0.5901 0.5507 0.2576 0.9296 0.5043 0.8110 0.3963 0.8494 0.0181 0.4775 0.7175
50 50
33.3350
0.3333 0.3333 0.3333 0.3333 0.3333 0.3333 0.3333 0.3333 0.3333 0.3333 0.3333 0.3333 0.3333 0.3333 0.3333 0.3333 0.3333 0.3333 0.3333 0.3333 0.3333 0.3333 0.3333 0.3333 0.3333 0.3333 0.3333 0.3333 0.3333 0.3333 0.3333 0.3333 0.3333 0.3333 0.3333 0.3333 0.3333 0.3333 0.3333 0.3333 0.3333 0.3333 0.3333 0.3333 0.3333 0.3333 0.3333 0.3333 0.3333 0.3333
2 2
0.3333
0.5000 0.5000
1 1
0.0000
1.0000
4 4
0.0001
0.0000 0.0000 0.0000 0.0000
48 48
16.3344
0.8753 0.2306 0.0901 0.9235 0.2354 0.3570 0.3065 0.9024 0.0249 0.1801 0.5034 0.0835 0.3157 0.7213 0.0958 0.4080 0.7098 0.2931 0.1366 0.1830 0.9148 0.4455 0.9113 0.9133 0.7612 0.0418 0.9450 0.6551 0.3495 0.1923 0.9907 0.7520 0.7080 0.6547 0.4287 0.7491 0.3251 0.6293 0.8260 0.8068 0.9987 0.5166 0.0493 0.0534 0.8579 0.8382 0.9832 0.0543
46 46
19.6290
0.4283 0.3205 0.3834 0.5788 0.4860 0.0043 0.2636 0.2831 0.9751 0.1471 0.6412 0.6861 0.6838 0.0641 0.2433 0.2046 0.3485 0.9384 0.0684 0.3867 0.5354 0.8066 0.0975 0.9499 0.1736 0.3031 0.2598 0.7680 0.0977 0.8632 0.0889 0.7175 0.3770 0.9528 0.6542 0.2753 0.4451 0.7401 0.4352 0.4387 0.3109 0.2071 0.1530 0.8705 0.0383 0.1499
50 50
0.0000
1.0000 1.0000 1.0000 1.0000 1.0000 1.0000 1.0000 1.0000 1.0000 1.0000 1.0000 1.0000 1.0000 1.0000 1.0000 1.0000 1.0000 1.0000 1.0000 1.0000 1.0000 1.0000 1.0000 1.0000 1.0000 1.0000 1.0000 1.0000 1.0000 1.0000 1.0000 1.0000 1.0000 1.0000 1.0000 1.0000 1.0000 1.0000 1.0000 1.0000 1.0000 1.0000 1.0000 1.0000 1.0000 1.0000 1.0000 1.0000 1.0000 1.0000
49 49
15.0354
0.8683 0.4963 0.1299 0.2125 0.9789 0.8677 0.8796 0.4349 0.5685 0.5820 0.6171 0.9172 0.3010 0.6691 0.3247 0.5206 0.4968 0.6535 0.4089 0.9933 0.8042 0.4884 0.2219 0.1054 0.1743 0.3144 0.9458 0.9461 0.6286 0.5974 0.6042 0.8490 0.9403 0.8427 0.9969 0.1994 0.9715 0.7336 0.4966 0.1902 0.6821 0.7711 0.5325 0.4472 0.4491 0.1209 0.9430 0.3222 0.4898
50 50
1.0000
0.3333 0.3333 0.3333 0.3333 0.3333 0.3333 0.3333 0.3333 0.3333 0.3333 0.3333 0.3333 0.3333 0.3333 0.3333 0.3333 0.3333 0.3333 0.3333 0.3333 0.3333 0.3333 0.3333 0.3333 0.3333 0.3333 0.3333 0.3333 0.3333 0.3333 0.3333 0.3333 0.3333 0.3333 0.3333 0.3333 0.3333 0.3333 0.3333 0.3333 0.3333 0.3333 0.3333 0.3333 0.3333 0.3333 0.3333 0.3333 0.3333 0.3333
50 50
19.3141
0.0907 0.6001 0.4574 0.6134 0.6118 0.3391 0.2339 0.2474 0.4008 0.6577 0.4728 0.7510 0.1892 0.1647 0.0623 0.5147 0.7842 0.0307 0.7849 0.3501 0.5827 0.8884 0.0701 0.2649 0.6649 0.9190 0.2115 0.9489 0.5161 0.4428 0.8842 0.7178 0.8302 0.0875 0.6414 0.8998 0.1939 0.5617 0.5261 0.3471 0.4559 0.1269 0.8457 0.2628 0.3846 0.0235 0.8571 0.7969 0.8340 0.4827
50 50
0.0049
0.9999 0.9999 0.9999 0.9999 0.9999 0.9999 0.9999 0.9999 0.9999 0.9999 0.9999 0.9999 0.9999 0.9999 0.9999 0.9999 0.9999 0.9999 0.9999 0.9999 0.9999 0.9999 0.9999 0.9999 0.9999 0.9999 0.9999 0.9999 0.9999 0.9999 0.9999 0.9999 0.9999 0.9999 0.9999 0.9999 0.9999 0.9999 0.9999 0.9999 0.9999 0.9999 0.9999 0.9999 0.9999 0.9999 0.9999 0.9999 0.9999 0.9999
47 47
17.2010
0.3174 0.3238 0.7788 0.3497 0.1593 0.8028 0.2404 0.0141 0.0974 0.8390 0.2461 0.6721 0.7399 0.4873 0.8021 0.6424 0.9639 0.6713 0.9814 0.3623 0.9491 0.7257 0.4760 0.8209 0.2895 0.3352 0.4586 0.6666 0.9179 0.0956 0.2070 0.6139 0.7329 0.0991 0.7517 0.5819 0.0358 0.8879 0.7222 0.7166 0.9887 0.4322 0.1929 0.4726 0.5729 0.7516 0.2669
45 45
18.6771
0.7264 0.3009 0.5044 0.4482 0.3309 0.0061 0.5155 0.4357 0.6409 0.9323 0.4645 0.7108 0.5746 0.7042 0.0958 0.2587 0.0452 0.7954 0.4558 0.6490 0.5092 0.7200 0.1249 0.9602 0.2196 0.9726 0.1180 0.7586 0.5669 0.0779 0.2669 0.3677 0.4149 0.5024 0.1167 0.8882 0.9074 0.6813 0.1759 0.6022 0.5361 0.8416 0.3434 0.8764 0.1717
45 45
3.5904
0.4581 0.6697 0.1847 0.4972 0.8945 0.8465 0.7715 0.1824 0.5221 0.5679 0.1272 0.3252 0.4244 0.7122 0.5776 0.3655 0.2414 0.8075 0.7976 0.7398 0.3880 0.4654 0.3324 0.4568 0.5127 0.2361 0.9111 0.3085 0.4031 0.1018 0.6942 0.4820 0.3308 0.3233 0.3028 0.7248 0.2692 0.1036 0.1720 0.8268 0.3892 0.3448 0.4520 0.4465 0.9563
50 50
50.0000
0.0000 0.0000 0.0000 0.0000 0.0000 0.0000 0.0000 0.0000 0.0000 0.0000 0.0000 0.0000 0.0000 0.0000 0.0000 0.0000 0.0000 0.0000 0.0000 0.0000 0.0000 0.0000 0.0000 0.0000 0.0000 0.0000 0.0000 0.0000 0.0000 0.0000 0.0000 0.0000 0.0000 0.0000 0.0000 0.0000 0.0000 0.0000 0.0000 0.0000 0.0000 0.0000 0.0000 0.0000 0.0000 0.0000 0.0000 0.0000 0.0000 0.0000
50 50
0.0000
0.8765 0.8765 0.8765 0.8765 0.8765 0.8765 0.8765 0.8765 0.8765 0.8765 0.8765 0.8765 0.8765 0.8765 0.8765 0.8765 0.8765 0.8765 0.8765 0.8765 0.8765 0.8765 0.8765 0.8765 0.8765 0.8765 0.8765 0.8765 0.8765 0.8765 0.8765 0.8765 0.8765 0.8765 0.8765 0.8765 0.8765 0.8765 0.8765 0.8765 0.8765 0.8765 0.8765 0.8765 0.8765 0.8765 0.8765 0.8765 0.8765 0.8765
50 50
19.7146
0.4636 0.0033 0.7967 0.4646 0.8479 0.0285 0.8834 0.3786 0.3330 0.5780 0.2356 0.2285 0.8658 0.3651 0.6889 0.5327 0.9577 0.0423 0.3843 0.4903 0.6405 0.2603 0.0151 0.7246 0.7249 0.9458 0.3197 0.6893 0.1623 0.5346 0.5644 0.9298 0.2692 0.8610 0.9966 0.2596 0.4254 0.2227 0.8276 0.8698 0.7660 0.6851 0.2428 0.9604 0.8061 0.4442 0.5186 0.4167 0.1399 0.4390
48 48
18.9309
0.8106 0.8209 0.6423 0.6105 0.3640 0.2089 0.6516 0.3158 0.4308 0.9767 0.5535 0.7603 0.4691 0.9622 0.5259 0.6807 0.5267 0.9908 0.7898 0.0615 0.2515 0.4433 0.5247 0.8921 0.5118 0.8899 0.0620 0.4398 0.8851 0.6158 0.6058 0.1567 0.0967 0.2816 0.2468 0.5048 0.6214 0.5498 0.4306 0.9629 0.6130 0.2976 0.3639 0.1439 0.2367 0.0206 0.7500 0.1010
49 49
23.2680
0.5581 0.2214 0.8160 0.0759 0.6354 0.1077 0.5564 0.2161 0.1021 0.4062 0.0952 0.5970 0.6470 0.9288 0.2254 0.0460 0.2459 0.5556 0.8291 0.6725 0.9184 0.5825 0.9724 0.9085 0.5319 0.3076 0.9594 0.7637 0.4518 0.2388 0.0930 0.0584 0.1557 0.5725 0.9053 0.0889 0.1796 0.7728 0.8904 0.9719 0.3167 0.4098 0.7710 0.7404 0.0985 0.0988 0.5988 0.4248 0.1951
47 47
15.7789
0.3213 0.8236 0.7505 0.9956 0.6873 0.3733 0.4962 0.0584 0.0809 0.4912 0.2146 0.5039 0.1657 0.6940 0.1834 0.6604 0.3292 0.9874 0.3127 0.0573 0.7452 0.0494 0.2859 0.5198 0.9166 0.0079 0.7983 0.9871 0.2134 0.4366 0.2649 0.3635 0.2126 0.7834 0.3063 0.7344 0.8063 0.7842 0.3083 0.9157 0.8647 0.1318 0.6488 0.9158 0.8349 0.2170 0.5400
49 49
21.4630
0.2333 0.9596 0.5634 0.7562 0.9032 0.2008 0.0298 0.3781 0.7707 0.2863 0.5021 0.4305 0.2839 0.0059 0.6137 0.1797 0.4562 0.5808 0.5855 0.0727 0.2042 0.3566 0.9643 0.3400 0.2646 0.9128 0.6278 0.4337 0.9211 0.0905 0.8478 0.8259 0.3510 0.2866 0.3847 0.2541 0.2795 0.3618 0.6154 0.2087 0.5406 0.2726 0.5265 0.6154 0.3152 0.6030 0.7815 0.4767 0.8323
1 1
1.0000
0.0000
48 48
17.8302
0.8766 0.5091 0.3118 0.6705 0.0569 0.7471 0.4755 0.8876 0.8399 0.2935 0.2782 0.3829 0.9802 0.1337 0.2105 0.2826 0.6510 0.1068 0.9211 0.9107 0.9572 0.8027 0.6713 0.1889 0.5891 0.5521 0.3540 0.3139 0.4298 0.4233 0.2506 0.1028 0.2318 0.0926 0.1520 0.9841 0.9738 0.8278 0.5464 0.8101 0.2705 0.7923 0.1192 0.1753 0.9944 0.7763 0.6352 0.6452
