100
4 4
1.4000
0.5000 0.7000 0.8000 0.6000
2 2
1.0000
0.0000 0.0000
2 1
0.0000
0.9000 0.8000
2 1
0.1000
0.4000 0.5000
1 1
0.0000
1.0000
2 1
1.0000
0.0000 0.0000
46 20
0.0103
0.8539 0.6044 0.1469 0.9802 0.0494 0.8673 0.9887 0.5924 0.0668 0.5521 0.4912 0.9514 0.6731 0.6497 0.5581 0.5895 0.7485 0.4764 0.7267 0.9138 0.9815 0.0979 0.1256 0.3950 0.3317 0.0060 0.7816 0.0754 0.0976 0.9704 0.7737 0.5981 0.0693 0.0769 0.1989 0.5550 0.3463 0.4788 0.7166 0.1931 0.7972 0.0055 0.6715 0.2294 0.4401 0.1533
49 47
16.7142
0.6303 0.3628 0.6894 0.9299 0.0733 0.7135 0.1509 0.6065 0.3578 0.6247 0.9854 0.8449 0.2350 0.3844 0.1562 0.5049 0.5195 0.4786 0.9911 0.9396 0.1472 0.8038 0.4661 0.7211 0.5391 0.1929 0.3034 0.8703 0.9520 0.8735 0.7466 0.4226 0.4005 0.9189 0.2074 0.9950 0.8554 0.8837 0.7025 0.6213 0.7399 0.0257 0.0168 0.7326 0.2635 0.8034 0.1881 0.8401 0.4793
48 34
1.7818
0.1867 0.8934 0.7252 0.6475 0.5493 0.8885 0.3805 0.5079 0.8464 0.2776 0.1234 0.2273 0.1143 0.4099 0.3020 0.8500 0.0708 0.8873 0.3045 0.1855 0.7107 0.6068 0.5277 0.3375 0.2806 0.6305 0.4164 0.4518 0.7551 0.3858 0.9761 0.8581 0.2498 0.1430 0.2415 0.9871 0.1635 0.6104 0.1519 0.8763 0.9936 0.9910 0.4402 0.0736 0.0125 0.0612 0.4039 0.0099
48 40
9.8105
0.0353 0.2246 0.3766 0.7793 0.4534 0.8301 0.5857 0.8410 0.2421 0.0822 0.1187 0.0382 0.7278 0.8270 0.2297 0.2599 0.9120 0.2346 0.0760 0.2998 0.0350 0.5687 0.2421 0.0847 0.5311 0.0393 0.8424 0.6533 0.6981 0.3099 0.5401 0.7225 0.3861 0.3298 0.4232 0.6100 0.1500 0.0711 0.5062 0.1957 0.9293 0.7284 0.9813 0.7413 0.5650 0.9967 0.3858 0.6159
50 17
0.0261
0.1172 0.2388 0.2525 0.5618 0.0738 0.2006 0.6482 0.4886 0.4061 0.5453 0.1293 0.5221 0.3152 0.8369 0.5750 0.7825 0.5186 0.4049 0.3250 0.5871 0.7238 0.1074 0.4312 0.3636 0.8373 0.4988 0.8064 0.1725 0.6080 0.6931 0.1952 0.2583 0.8144 0.5183 0.2319 0.5981 0.6869 0.0069 0.7080 0.0570 0.1365 0.5776 0.8162 0.5646 0.8860 0.7929 0.1744 0.6609 0.2070 0.6813
45 19
0.0111
0.6184 0.5994 0.4974 0.5509 0.2022 0.6816 0.2064 0.9597 0.2098 0.0920 0.8056 0.7876 0.3308 0.5238 0.3821 0.9546 0.4141 0.1094 0.9030 0.2097 0.9715 0.0134 0.6278 0.9737 0.0754 0.2405 0.6322 0.4558 0.6205 0.3954 0.0948 0.4029 0.2703 0.2232 0.8302 0.5007 0.0766 0.5232 0.2042 0.7331 0.4747 0.8248 0.4520 0.2387 0.5158
47 24
0.0164
0.6138 0.0683 0.4413 0.6291 0.8167 0.7574 0.6077 0.0998 0.6975 0.2273 0.0844 0.6111 0.8436 0.8075 0.7572 0.8920 0.4757 0.5061 0.4419 0.5840 0.0994 0.5419 0.7974 0.4726 0.7988 0.4451 0.6680 0.4501 0.4507 0.6934 0.9423 0.7230 0.9617 0.4505 0.2609 0.1202 0.5116 0.5503 0.2637 0.5421 0.5322 0.9176 0.1015 0.8726 0.3981 0.4991 0.4277
50 25
0.0000
0.3333 0.3333 0.3333 0.3333 0.3333 0.3333 0.3333 0.3333 0.3333 0.3333 0.3333 0.3333 0.3333 0.3333 0.3333 0.3333 0.3333 0.3333 0.3333 0.3333 0.3333 0.3333 0.3333 0.3333 0.3333 0.3333 0.3333 0.3333 0.3333 0.3333 0.3333 0.3333 0.3333 0.3333 0.3333 0.3333 0.3333 0.3333 0.3333 0.3333 0.3333 0.3333 0.3333 0.3333 0.3333 0.3333 0.3333 0.3333 0.3333 0.3333
49 36
3.9057
0.4899 0.5003 0.7962 0.9381 0.7121 0.3349 0.2585 0.5252 0.9641 0.3637 0.2733 0.4925 0.8728 0.6799 0.2608 0.7476 0.2769 0.3033 0.6399 0.9431 0.1994 0.8188 0.8427 0.5437 0.1196 0.3707 0.4434 0.3032 0.1145 0.3339 0.4536 0.8223 0.6277 0.7647 0.9333 0.7775 0.9929 0.1412 0.6417 0.0480 0.2573 0.5732 0.6842 0.5622 0.4971 0.5270 0.6877 0.6611 0.4117
46 36
0.0173
0.0578 0.8756 0.1091 0.1247 0.3578 0.8830 0.2541 0.8738 0.2168 0.3194 0.7515 0.5669 0.8545 0.6888 0.3948 0.7930 0.4501 0.7866 0.5227 0.9814 0.4268 0.2774 0.0829 0.7190 0.1868 0.1392 0.4840 0.9219 0.0241 0.6949 0.4497 0.8480 0.5231 0.7001 0.6045 0.3201 0.2553 0.7225 0.5651 0.4074 0.8453 0.2924 0.3292 0.4985 0.1864 0.8428
47 26
0.0085
0.3594 0.0540 0.7926 0.8421 0.3862 0.5121 0.5038 0.9528 0.7911 0.5654 0.5849 0.0237 0.2180 0.6703 0.1354 0.8285 0.5527 0.9447 0.6414 0.4825 0.4076 0.6028 0.7663 0.7567 0.5577 0.3433 0.2182 0.5504 0.1609 0.1971 0.3411 0.1020 0.6130 0.5333 0.9108 0.7003 0.0609 0.9128 0.4613 0.2115 0.0798 0.6612 0.3351 0.8739 0.3161 0.5842 0.4489
1 1
0.3333
0.0000
49 20
0.0223
0.1601 0.3531 0.6541 0.7001 0.3481 0.9452 0.8219 0.4238 0.7279 0.7118 0.4308 0.3417 0.4770 0.8507 0.8957 0.0293 0.2744 0.4658 0.0903 0.5968 0.2519 0.7195 0.9655 0.1509 0.8259 0.3682 0.7678 0.4997 0.1675 0.0236 0.1101 0.4926 0.9147 0.9766 0.2313 0.6966 0.1802 0.9455 0.0179 0.9576 0.2985 0.9490 0.4239 0.4821 0.4585 0.9008 0.5228 0.3948 0.8721
45 11
0.0104
0.2730 0.1203 0.3772 0.7849 0.6593 0.8705 0.1494 0.7801 0.8026 0.5776 0.6919 0.4425 0.8296 0.6246 0.9998 0.8302 0.6462 0.3420 0.2086 0.4357 0.3964 0.9659 0.3297 0.7938 0.5147 0.3057 0.1383 0.1721 0.3798 0.9622 0.1548 0.3662 0.7896 0.7602 0.6247 0.6754 0.3780 0.9226 0.2231 0.5965 0.4611 0.7931 0.2279 0.1317 0.9087
46 30
0.0051
0.8022 0.4011 0.0998 0.9816 0.2694 0.9072 0.4453 0.2859 0.6181 0.0942 0.7289 0.3087 0.0507 0.2968 0.4909 0.1208 0.6066 0.7038 0.3702 0.2624 0.4506 0.8558 0.6832 0.8536 0.8739 0.0204 0.3975 0.7529 0.4035 0.1791 0.1469 0.4720 0.4623 0.7471 0.9148 0.8445 0.3553 0.4112 0.0393 0.5478 0.9231 0.8288 0.6853 0.5699 0.4433 0.4116
46 18
0.0029
0.3973 0.4597 0.8874 0.6598 0.8983 0.6701 0.5325 0.8423 0.0031 0.1869 0.8281 0.6875 0.4530 0.4868 0.2625 0.7374 0.1419 0.5018 0.0984 0.0921 0.8029 0.6952 0.7762 0.7001 0.6441 0.7091 0.5932 0.5276 0.5035 0.6493 0.0498 0.9208 0.8192 0.1625 0.3085 0.4641 0.9801 0.7121 0.1926 0.0843 0.7970 0.1697 0.3407 0.1931 0.2813 0.8598
1 1
1.0000
0.0000
50 50
0.0000
0.8700 0.8700 0.8700 0.8700 0.8700 0.8700 0.8700 0.8700 0.8700 0.8700 0.8700 0.8700 0.8700 0.8700 0.8700 0.8700 0.8700 0.8700 0.8700 0.8700 0.8700 0.8700 0.8700 0.8700 0.8700 0.8700 0.8700 0.8700 0.8700 0.8700 0.8700 0.8700 0.8700 0.8700 0.8700 0.8700 0.8700 0.8700 0.8700 0.8700 0.8700 0.8700 0.8700 0.8700 0.8700 0.8700 0.8700 0.8700 0.8700 0.8700
48 44
20.0615
0.0521 0.2544 0.2539 0.4932 0.8486 0.2677 0.8213 0.0346 0.6120 0.8391 0.8964 0.0929 0.6737 0.6560 0.6722 0.3532 0.0234 0.8845 0.0222 0.9057 0.9739 0.5199 0.8240 0.2658 0.1653 0.6073 0.0091 0.0467 0.5346 0.1407 0.3369 0.9478 0.9685 0.7451 0.3053 0.9961 0.0367 0.3024 0.5450 0.2475 0.7674 0.6833 0.9887 0.1969 0.7591 0.2532 0.0790 0.8483
50 50
33.3350
0.3333 0.3333 0.3333 0.3333 0.3333 0.3333 0.3333 0.3333 0.3333 0.3333 0.3333 0.3333 0.3333 0.3333 0.3333 0.3333 0.3333 0.3333 0.3333 0.3333 0.3333 0.3333 0.3333 0.3333 0.3333 0.3333 0.3333 0.3333 0.3333 0.3333 0.3333 0.3333 0.3333 0.3333 0.3333 0.3333 0.3333 0.3333 0.3333 0.3333 0.3333 0.3333 0.3333 0.3333 0.3333 0.3333 0.3333 0.3333 0.3333 0.3333
47 26
0.5837
0.8738 0.7999 0.5064 0.5956 0.3682 0.5646 0.0304 0.7012 0.6586 0.4186 0.8867 0.0343 0.2976 0.5026 0.8463 0.3602 0.1213 0.9918 0.1457 0.1291 0.8207 0.9160 0.9137 0.5373 0.7335 0.7167 0.8283 0.6248 0.4096 0.6696 0.7619 0.0082 0.5603 0.2916 0.4740 0.3793 0.7970 0.8177 0.3950 0.6048 0.7741 0.8003 0.6131 0.3154 0.2756 0.2637 0.4499
50 50
0.0050
0.9999 0.9999 0.9999 0.9999 0.9999 0.9999 0.9999 0.9999 0.9999 0.9999 0.9999 0.9999 0.9999 0.9999 0.9999 0.9999 0.9999 0.9999 0.9999 0.9999 0.9999 0.9999 0.9999 0.9999 0.9999 0.9999 0.9999 0.9999 0.9999 0.9999 0.9999 0.9999 0.9999 0.9999 0.9999 0.9999 0.9999 0.9999 0.9999 0.9999 0.9999 0.9999 0.9999 0.9999 0.9999 0.9999 0.9999 0.9999 0.9999 0.9999
46 21
0.0155
0.7766 0.4786 0.5616 0.2246 0.7910 0.3041 0.9633 0.2785 0.1901 0.4032 0.1747 0.5133 0.6977 0.2205 0.8323 0.4224 0.0856 0.7004 0.5699 0.4369 0.5323 0.7051 0.9920 0.7934 0.9520 0.3689 0.1274 0.6314 0.3579 0.1246 0.8566 0.0380 0.9570 0.7532 0.1248 0.1816 0.6274 0.4451 0.8984 0.2009 0.5998 0.8174 0.3646 0.0915 0.4401 0.8362
45 25
3.5904
0.7122 0.6697 0.1272 0.1720 0.3892 0.4820 0.3880 0.7398 0.1824 0.3308 0.8075 0.5127 0.4568 0.1018 0.4581 0.9111 0.3085 0.4465 0.3448 0.2692 0.4244 0.4520 0.1036 0.9563 0.8268 0.3233 0.7248 0.7976 0.3252 0.6942 0.1847 0.7715 0.8465 0.4654 0.4972 0.5679 0.2414 0.4031 0.5221 0.5776 0.3324 0.2361 0.8945 0.3028 0.3655
50 37
0.0124
0.9087 0.3916 0.3081 0.8668 0.9935 0.8898 0.6894 0.2983 0.1092 0.7203 0.1684 0.0599 0.4740 0.1248 0.6053 0.3940 0.7439 0.6815 0.8411 0.8098 0.2911 0.6022 0.9610 0.4632 0.6924 0.4546 0.7623 0.8787 0.2384 0.6442 0.5645 0.6566 0.7531 0.4939 0.9911 0.2047 0.9336 0.8490 0.2681 0.4122 0.9051 0.8901 0.8507 0.0674 0.7963 0.8513 0.5140 0.8361 0.5891 0.3708
45 29
0.0189
0.8793 0.9831 0.6254 0.5289 0.9570 0.3044 0.9616 0.3280 0.9792 0.4320 0.3769 0.8856 0.5547 0.1505 0.3922 0.7847 0.3124 0.7249 0.0201 0.2004 0.1180 0.7680 0.0109 0.5530 0.1189 0.2741 0.2022 0.8382 0.4724 0.9412 0.3391 0.1463 0.5972 0.1782 0.0905 0.3485 0.4990 0.5869 0.7077 0.3450 0.2237 0.7874 0.6180 0.5470 0.3994
50 17
0.0101
0.4755 0.7923 0.8027 0.6352 0.0318 0.6705 0.0569 0.7471 0.6510 0.0250 0.5464 0.2782 0.8399 0.7980 0.9107 0.0237 0.3540 0.1337 0.1889 0.1068 0.3118 0.5966 0.8278 0.0926 0.2506 0.2318 0.3139 0.4536 0.7763 0.1028 0.8101 0.0081 0.6713 0.5072 0.5891 0.6452 0.4233 0.8766 0.4428 0.1520 0.3829 0.8718 0.9211 0.2105 0.9944 0.1753 0.1192 0.2705 0.6952 0.2826
50 49
0.0000
0.9999 0.9999 0.9999 0.9999 0.9999 0.9999 0.9999 0.9999 0.9999 0.9999 0.9999 0.9999 0.9999 0.9999 0.9999 0.9999 0.9999 0.9999 0.9999 0.9999 0.9999 0.9999 0.9999 0.9999 0.9999 0.9999 0.9999 0.9999 0.9999 0.9999 0.9999 0.9999 0.9999 0.9999 0.9999 0.9999 0.9999 0.9999 0.9999 0.9999 0.9999 0.9999 0.9999 0.9999 0.9999 0.9999 0.9999 0.9999 0.9999 0.9999
50 25
0.6901
0.7744 0.0932 0.0539 0.3158 0.2108 0.1090 0.7417 0.7951 0.5160 0.8091 0.7255 0.3724 0.6759 0.8928 0.1224 0.9438 0.2443 0.2215 0.1761 0.3483 0.2187 0.6986 0.5109 0.7742 0.1842 0.6915 0.6598 0.8265 0.5983 0.1546 0.0770 0.3512 0.7205 0.8764 0.9926 0.0507 0.9641 0.7287 0.3303 0.2665 0.3337 0.5154 0.2683 0.0863 0.9318 0.8733 0.8871 0.0857 0.6196 0.2791
50 23
0.0201
0.0398 0.4345 0.3778 0.5186 0.0517 0.9405 0.1107 0.6697 0.4935 0.3868 0.6532 0.6532 0.6083 0.2048 0.0309 0.0822 0.3878 0.4902 0.1211 0.1067 0.7153 0.1492 0.0090 0.0316 0.1452 0.1947 0.0201 0.3551 0.9863 0.6173 0.8564 0.4195 0.6374 0.7192 0.0482 0.6593 0.4187 0.0141 0.2811 0.9062 0.7567 0.9719 0.1117 0.7065 0.5280 0.6876 0.8932 0.2467 0.4336 0.8664
47 7
0.0058
0.5086 0.7738 0.4335 0.4761 0.2813 0.0167 0.5843 0.5415 0.4448 0.0849 0.5460 0.2626 0.0195 0.1464 0.7367 0.4816 0.1099 0.0903 0.5145 0.2089 0.3687 0.5838 0.7533 0.6599 0.3135 0.6915 0.7335 0.3499 0.8239 0.3466 0.9191 0.5627 0.2824 0.9578 0.9066 0.7562 0.7205 0.7742 0.0051 0.1921 0.0379 0.5420 0.4541 0.8588 0.8063 0.2475 0.0166
48 15
0.0059
0.9493 0.9252 0.3923 0.0823 0.6736 0.5666 0.5510 0.7003 0.4695 0.9118 0.1216 0.4817 0.4406 0.6595 0.0859 0.9303 0.5371 0.2804 0.9229 0.8717 0.3122 0.5991 0.4318 0.4358 0.2420 0.0746 0.6766 0.7559 0.3229 0.6168 0.1523 0.5886 0.1872 0.4411 0.4947 0.9975 0.9935 0.7818 0.0189 0.4988 0.3040 0.3126 0.0435 0.8036 0.5282 0.6568 0.4669 0.8848
45 21
0.0086
0.8417 0.5444 0.6657 0.8826 0.3439 0.2303 0.8217 0.6461 0.6500 0.9673 0.9003 0.0393 0.2055 0.0135 0.5322 0.4688 0.6113 0.2802 0.0294 0.3699 0.7846 0.5198 0.3391 0.5515 0.9891 0.0632 0.7404 0.0736 0.6948 0.3733 0.5615 0.6160 0.7960 0.3559 0.2725 0.2719 0.4127 0.5366 0.3900 0.6004 0.3325 0.3554 0.6052 0.7460 0.6840
2 1
0.5000
0.5000 0.5000
48 15
0.0037
0.4242 0.9427 0.6597 0.3799 0.4657 0.3237 0.2128 0.3351 0.1528 0.4049 0.8291 0.0810 0.0381 0.7255 0.5695 0.2717 0.7933 0.0152 0.9903 0.1133 0.8730 0.2030 0.9130 0.5871 0.9681 0.0281 0.6805 0.4965 0.4339 0.6831 0.5228 0.4662 0.4398 0.8957 0.3089 0.9112 0.8147 0.8135 0.0297 0.9212 0.4622 0.6486 0.7382 0.3417 0.6300 0.5187 0.6957 0.5158
1 1
0.3333
0.5000
45 38
0.0225
0.1554 0.2201 0.6286 0.7259 0.9093 0.2702 0.5045 0.8662 0.8198 0.3510 0.6474 0.3296 0.0922 0.0871 0.3444 0.8807 0.6862 0.4321 0.1165 0.8830 0.2884 0.2199 0.9351 0.1253 0.8625 0.1972 0.9351 0.1377 0.6550 0.8694 0.5611 0.0948 0.9647 0.0148 0.9695 0.9391 0.7461 0.9634 0.1487 0.0294 0.6967 0.1336 0.1065 0.1070 0.7291
50 1
33.3350
0.3333 0.3333 0.3333 0.3333 0.3333 0.3333 0.3333 0.3333 0.3333 0.3333 0.3333 0.3333 0.3333 0.3333 0.3333 0.3333 0.3333 0.3333 0.3333 0.3333 0.3333 0.3333 0.3333 0.3333 0.3333 0.3333 0.3333 0.3333 0.3333 0.3333 0.3333 0.3333 0.3333 0.3333 0.3333 0.3333 0.3333 0.3333 0.3333 0.3333 0.3333 0.3333 0.3333 0.3333 0.3333 0.3333 0.3333 0.3333 0.3333 0.3333
49 43
0.0231
0.5747 0.7010 0.5890 0.2256 0.5074 0.4736 0.0880 0.5659 0.8845 0.5827 0.2539 0.5156 0.8616 0.0466 0.6255 0.3832 0.0727 0.7403 0.3438 0.4384 0.4901 0.7316 0.1393 0.4489 0.6268 0.1407 0.8495 0.1865 0.3698 0.9525 0.6731 0.6916 0.6052 0.1342 0.7235 0.9907 0.1529 0.3844 0.3460 0.0914 0.6190 0.1213 0.8175 0.8026 0.7555 0.9034 0.7546 0.5073 0.1713
47 36
0.0016
0.7156 0.0421 0.1666 0.3599 0.8988 0.2035 0.7937 0.3304 0.6584 0.7977 0.9462 0.3017 0.1070 0.8407 0.0359 0.9625 0.5830 0.7175 0.7188 0.5143 0.0911 0.7896 0.4019 0.0830 0.6372 0.7561 0.4182 0.4917 0.0555 0.9433 0.1519 0.6077 0.3807 0.5184 0.6415 0.7299 0.8655 0.9493 0.7577 0.9838 0.7317 0.1581 0.5430 0.8660 0.0374 0.2283 0.5879
46 45
0.0096
0.1398 0.2184 0.7611 0.0439 0.7589 0.1578 0.7227 0.4451 0.6994 0.0993 0.3438 0.8916 0.7834 0.2488 0.3070 0.5034 0.9517 0.8703 0.0299 0.7048 0.8517 0.3266 0.5063 0.9190 0.7285 0.0590 0.1050 0.8229 0.9609 0.2832 0.6343 0.8639 0.4889 0.9214 0.4472 0.4697 0.6959 0.6929 0.2982 0.2285 0.8616 0.2205 0.3403 0.1959 0.6657 0.2541
46 37
5.6075
0.9022 0.6300 0.2105 0.9916 0.6551 0.2033 0.7667 0.4934 0.4984 0.0546 0.5912 0.2572 0.5993 0.3084 0.8440 0.0910 0.4193 0.3974 0.4352 0.2515 0.4719 0.4158 0.6874 0.2099 0.8685 0.4029 0.9188 0.8163 0.8758 0.4018 0.1839 0.0595 0.1203 0.6385 0.8135 0.7387 0.2638 0.0341 0.6055 0.0532 0.2866 0.7619 0.6199 0.4073 0.0334 0.5083
47 34
0.0088
0.4144 0.6151 0.6522 0.0078 0.9279 0.9515 0.2315 0.6104 0.0976 0.0408 0.3159 0.4153 0.9305 0.9467 0.8292 0.7661 0.1689 0.3532 0.3943 0.0759 0.1342 0.1013 0.8159 0.5538 0.7767 0.5778 0.2983 0.5761 0.6906 0.4912 0.3473 0.7667 0.7698 0.7166 0.1632 0.1989 0.9741 0.1787 0.8117 0.7947 0.8416 0.8855 0.2786 0.5760 0.0792 0.2860 0.0759
50 50
0.0000
1.0000 1.0000 1.0000 1.0000 1.0000 1.0000 1.0000 1.0000 1.0000 1.0000 1.0000 1.0000 1.0000 1.0000 1.0000 1.0000 1.0000 1.0000 1.0000 1.0000 1.0000 1.0000 1.0000 1.0000 1.0000 1.0000 1.0000 1.0000 1.0000 1.0000 1.0000 1.0000 1.0000 1.0000 1.0000 1.0000 1.0000 1.0000 1.0000 1.0000 1.0000 1.0000 1.0000 1.0000 1.0000 1.0000 1.0000 1.0000 1.0000 1.0000
47 26
2.2784
0.9770 0.1005 0.1427 0.1305 0.1277 0.5550 0.8840 0.7586 0.6506 0.6852 0.8193 0.9042 0.3553 0.3635 0.6641 0.7939 0.1902 0.7958 0.4354 0.3084 0.1370 0.3204 0.3364 0.0708 0.4923 0.1637 0.1664 0.8419 0.8156 0.6562 0.8489 0.2346 0.5519 0.1028 0.9963 0.0239 0.4495 0.9460 0.7511 0.2816 0.1539 0.6587 0.9917 0.6483 0.8278 0.9056 0.1259
4 4
0.0001
0.0000 0.0000 0.0000 0.0000
45 39
0.0114
0.9093 0.6771 0.0884 0.0099 0.1281 0.3665 0.0585 0.2511 0.1438 0.8685 0.5325 0.3360 0.9614 0.2001 0.0109 0.2978 0.0434 0.8771 0.5909 0.7444 0.8510 0.4533 0.9131 0.7251 0.1108 0.3258 0.2457 0.6409 0.0441 0.4248 0.4767 0.5395 0.6332 0.0581 0.4026 0.8367 0.5904 0.9348 0.4910 0.4299 0.1379 0.9916 0.2071 0.2076 0.9515
46 41
6.6708
0.3298 0.5265 0.1523 0.9404 0.3035 0.6181 0.0014 0.4954 0.0380 0.1304 0.9825 0.6754 0.0510 0.8765 0.4362 0.3558 0.1733 0.4519 0.5882 0.7766 0.5543 0.4817 0.0219 0.3483 0.4592 0.2667 0.7405 0.2828 0.9366 0.8211 0.3718 0.2312 0.1572 0.4829 0.2655 0.2245 0.8140 0.0795 0.7948 0.2543 0.8031 0.5136 0.4271 0.8749 0.9990 0.8956
4 4
1.3999
0.7000 0.8000 0.6000 0.5000
50 25
0.0000
1.0000 1.0000 1.0000 1.0000 1.0000 1.0000 1.0000 1.0000 1.0000 1.0000 1.0000 1.0000 1.0000 1.0000 1.0000 1.0000 1.0000 1.0000 1.0000 1.0000 1.0000 1.0000 1.0000 1.0000 1.0000 1.0000 1.0000 1.0000 1.0000 1.0000 1.0000 1.0000 1.0000 1.0000 1.0000 1.0000 1.0000 1.0000 1.0000 1.0000 1.0000 1.0000 1.0000 1.0000 1.0000 1.0000 1.0000 1.0000 1.0000 1.0000
50 43
7.9569
0.7785 0.3554 0.0921 0.5147 0.2284 0.0846 0.6550 0.4254 0.3330 0.3123 0.0402 0.5121 0.4506 0.6746 0.1656 0.3356 0.6736 0.1598 0.8436 0.1690 0.0649 0.0357 0.1898 0.2243 0.2649 0.1899 0.9076 0.7156 0.0973 0.7503 0.1754 0.5367 0.2160 0.5852 0.3811 0.7882 0.2978 0.0091 0.6080 0.5673 0.5219 0.7099 0.2411 0.3248 0.4618 0.2185 0.6164 0.8346 0.5735 0.5733
47 1
20.6627
0.0662 0.6796 0.1821 0.6919 0.1259 0.3376 0.0319 0.5403 0.9736 0.2377 0.8765 0.9298 0.6601 0.9303 0.8218 0.9279 0.4254 0.0408 0.7044 0.4842 0.5024 0.1981 0.1721 0.9074 0.0116 0.5493 0.1899 0.7797 0.0697 0.1647 0.2822 0.2904 0.3415 0.6348 0.7305 0.6806 0.0224 0.5669 0.3941 0.6505 0.7982 0.5669 0.4958 0.9688 0.1636 0.3244 0.8809
2 1
0.3333
0.0000 0.0000
47 47
22.9475
0.8583 0.6104 0.3736 0.1836 0.4024 0.7288 0.9389 0.9443 0.2672 0.4761 0.2026 0.6257 0.4885 0.1922 0.9423 0.6698 0.8025 0.6881 0.8103 0.2519 0.7417 0.3514 0.3267 0.5372 0.3263 0.3509 0.1214 0.1524 0.2212 0.1612 0.6402 0.4342 0.3415 0.4999 0.8422 0.2139 0.2900 0.3489 0.5666 0.3175 0.5293 0.7682 0.8891 0.3146 0.6179 0.9723 0.0874
50 28
0.0018
0.4248 0.6896 0.2339 0.4557 0.0572 0.4798 0.5865 0.1831 0.5559 0.6005 0.4294 0.2819 0.4937 0.4016 0.3702 0.2468 0.4133 0.6407 0.0930 0.2848 0.5075 0.1776 0.6180 0.7889 0.0646 0.2278 0.1089 0.4997 0.5045 0.7708 0.3060 0.0653 0.0418 0.8345 0.8757 0.2704 0.0380 0.2907 0.6504 0.4267 0.8242 0.1048 0.5858 0.4074 0.7317 0.6731 0.8315 0.4718 0.0056 0.6061
50 16
0.0153
0.9033 0.9169 0.0604 0.3625 0.1740 0.2596 0.5844 0.2005 0.1487 0.1755 0.4108 0.2468 0.5678 0.1005 0.8963 0.0306 0.8564 0.1291 0.1462 0.3934 0.1132 0.7774 0.2091 0.6072 0.5506 0.4926 0.4963 0.0541 0.9440 0.9819 0.9476 0.2938 0.1699 0.2129 0.8588 0.6030 0.4803 0.9004 0.6364 0.2534 0.4148 0.4553 0.8455 0.4641 0.7137 0.6880 0.5162 0.4141 0.1100 0.2722
49 42
16.0790
0.0103 0.3022 0.1445 0.4639 0.9770 0.6000 0.9957 0.1667 0.0823 0.9482 0.4730 0.1731 0.6026 0.1077 0.5351 0.4323 0.8830 0.3873 0.4500 0.0965 0.3283 0.4887 0.8515 0.4106 0.2160 0.6330 0.7835 0.9240 0.3125 0.2087 0.6390 0.6620 0.3804 0.2106 0.3112 0.9310 0.8953 0.0568 0.5577 0.6532 0.6849 0.7087 0.0150 0.5382 0.1716 0.6807 0.1851 0.6910 0.3619
48 29
21.9707
0.4957 0.6985 0.7174 0.8014 0.4478 0.6210 0.8264 0.3839 0.4674 0.6119 0.3325 0.4215 0.5702 0.6697 0.0540 0.0472 0.8522 0.1683 0.6989 0.8922 0.9053 0.7927 0.7466 0.1361 0.4114 0.2247 0.0824 0.7911 0.8510 0.4285 0.0858 0.2315 0.5435 0.4405 0.8516 0.6867 0.1912 0.1739 0.2325 0.3609 0.5315 0.3726 0.2127 0.5160 0.0672 0.0445 0.5276 0.7466
46 23
1.6803
0.9538 0.8935 0.9511 0.3332 0.2096 0.8406 0.9243 0.9036 0.4518 0.2504 0.6149 0.2543 0.3866 0.7664 0.5863 0.8340 0.9463 0.6483 0.2253 0.6849 0.3228 0.8930 0.6539 0.1480 0.9761 0.2132 0.5682 0.2817 0.0019 0.9333 0.8446 0.2683 0.5894 0.5692 0.7113 0.3468 0.2900 0.6157 0.3220 0.7816 0.0081 0.5751 0.6649 0.9485 0.9228 0.9592
46 37
2.1727
0.3793 0.5908 0.6647 0.0013 0.7307 0.3557 0.8795 0.8162 0.8299 0.9583 0.7874 0.2035 0.4760 0.5592 0.3390 0.6668 0.5514 0.4843 0.7555 0.7737 0.8057 0.1373 0.1088 0.5969 0.8513 0.3329 0.4479 0.5458 0.6510 0.9487 0.0670 0.7512 0.0855 0.6764 0.8928 0.8603 0.7035 0.2034 0.8194 0.2031 0.2546 0.7930 0.4924 0.4615 0.2631 0.4944
47 44
16.2690
0.6604 0.2126 0.2170 0.6873 0.7834 0.1834 0.6488 0.3733 0.2649 0.2146 0.5198 0.9874 0.8349 0.1657 0.0584 0.7344 0.3635 0.5039 0.3213 0.0809 0.6940 0.9166 0.4366 0.1318 0.2859 0.3127 0.9956 0.5400 0.9871 0.7842 0.2134 0.5203 0.3083 0.8063 0.3292 0.0079 0.8647 0.7505 0.9158 0.8236 0.7983 0.4962 0.9157 0.7452 0.0494 0.0573 0.3063
50 25
1.0000
0.3333 0.3333 0.3333 0.3333 0.3333 0.3333 0.3333 0.3333 0.3333 0.3333 0.3333 0.3333 0.3333 0.3333 0.3333 0.3333 0.3333 0.3333 0.3333 0.3333 0.3333 0.3333 0.3333 0.3333 0.3333 0.3333 0.3333 0.3333 0.3333 0.3333 0.3333 0.3333 0.3333 0.3333 0.3333 0.3333 0.3333 0.3333 0.3333 0.3333 0.3333 0.3333 0.3333 0.3333 0.3333 0.3333 0.3333 0.3333 0.3333 0.3333
50 1
0.0000
1.0000 1.0000 1.0000 1.0000 1.0000 1.0000 1.0000 1.0000 1.0000 1.0000 1.0000 1.0000 1.0000 1.0000 1.0000 1.0000 1.0000 1.0000 1.0000 1.0000 1.0000 1.0000 1.0000 1.0000 1.0000 1.0000 1.0000 1.0000 1.0000 1.0000 1.0000 1.0000 1.0000 1.0000 1.0000 1.0000 1.0000 1.0000 1.0000 1.0000 1.0000 1.0000 1.0000 1.0000 1.0000 1.0000 1.0000 1.0000 1.0000 1.0000
45 18
0.0008
0.6102 0.1928 0.8168 0.7982 0.2333 0.1012 0.2161 0.4346 0.4654 0.3478 0.1529 0.2224 0.6407 0.7508 0.7354 0.1961 0.4718 0.4278 0.8452 0.7842 0.2154 0.0193 0.8516 0.2960 0.7688 0.1370 0.1344 0.3744 0.5034 0.3580 0.4246 0.9710 0.0998 0.2332 0.6984 0.6824 0.3702 0.1482 0.3759 0.0959 0.4498 0.6563 0.6164 0.7553 0.2192
50 49
0.0050
0.9999 0.9999 0.9999 0.9999 0.9999 0.9999 0.9999 0.9999 0.9999 0.9999 0.9999 0.9999 0.9999 0.9999 0.9999 0.9999 0.9999 0.9999 0.9999 0.9999 0.9999 0.9999 0.9999 0.9999 0.9999 0.9999 0.9999 0.9999 0.9999 0.9999 0.9999 0.9999 0.9999 0.9999 0.9999 0.9999 0.9999 0.9999 0.9999 0.9999 0.9999 0.9999 0.9999 0.9999 0.9999 0.9999 0.9999 0.9999 0.9999 0.9999
49 27
2.2603
0.2235 0.5347 0.5154 0.3106 0.6857 0.4266 0.7064 0.1329 0.7213 0.7481 0.2062 0.8561 0.9229 0.6942 0.5095 0.3545 0.2869 0.5352 0.4581 0.1160 0.2017 0.4795 0.4606 0.7961 0.2831 0.0852 0.1762 0.8378 0.8354 0.7809 0.8691 0.7694 0.2368 0.7932 0.3850 0.5509 0.0739 0.8491 0.5337 0.5165 0.7444 0.7001 0.6125 0.4856 0.0706 0.6047 0.1679 0.4379 0.6873
46 28
8.0112
0.5037 0.8864 0.3587 0.0636 0.5985 0.3322 0.9616 0.2596 0.7066 0.4676 0.2417 0.1836 0.3512 0.9548 0.2724 0.9940 0.7246 0.8439 0.0811 0.8306 0.0311 0.5368 0.1777 0.7443 0.4480 0.1448 0.9460 0.0718 0.1716 0.6069 0.6863 0.0965 0.3401 0.3312 0.1490 0.9237 0.5970 0.5791 0.7552 0.6127 0.1684 0.8779 0.5027 0.3939 0.9623 0.4288
49 26
0.0070
0.8379 0.0946 0.5043 0.3081 0.7860 0.5034 0.3491 0.4382 0.4516 0.2346 0.2780 0.5395 0.8639 0.4816 0.4316 0.8763 0.6805 0.3155 0.7841 0.5813 0.9693 0.9482 0.6531 0.6435 0.3504 0.5820 0.1364 0.2036 0.7126 0.0162 0.8689 0.5923 0.6789 0.3336 0.4169 0.4529 0.7161 0.3398 0.4294 0.8746 0.9935 0.3491 0.0956 0.5453 0.5147 0.6303 0.0227 0.9047 0.2356
2 1
0.3333
0.5000 0.5000
50 25
33.3350
0.3333 0.3333 0.3333 0.3333 0.3333 0.3333 0.3333 0.3333 0.3333 0.3333 0.3333 0.3333 0.3333 0.3333 0.3333 0.3333 0.3333 0.3333 0.3333 0.3333 0.3333 0.3333 0.3333 0.3333 0.3333 0.3333 0.3333 0.3333 0.3333 0.3333 0.3333 0.3333 0.3333 0.3333 0.3333 0.3333 0.3333 0.3333 0.3333 0.3333 0.3333 0.3333 0.3333 0.3333 0.3333 0.3333 0.3333 0.3333 0.3333 0.3333
1 1
0.5000
0.5000
50 50
18.3986
0.7283 0.6459 0.9175 0.4598 0.9427 0.4128 0.3316 0.1919 0.2723 0.2024 0.5851 0.5289 0.3844 0.0578 0.3053 0.9994 0.6996 0.2594 0.0260 0.1128 0.2341 0.6994 0.2649 0.1723 0.0868 0.9683 0.9045 0.4697 0.6243 0.8338 0.1610 0.2446 0.3762 0.8836 0.7805 0.6373 0.3623 0.7492 0.5826 0.9628 0.6970 0.8220 0.9337 0.1341 0.9579 0.5502 0.4550 0.5387 0.4348 0.5376
45 23
0.0005
0.2507 0.4253 0.3347 0.1736 0.1854 0.0914 0.0912 0.1831 0.2697 0.2730 0.8511 0.9853 0.7877 0.0473 0.5887 0.6733 0.1872 0.7304 0.5181 0.6694 0.8850 0.0129 0.5512 0.1335 0.3056 0.4161 0.7852 0.0074 0.4208 0.4966 0.6352 0.1706 0.2045 0.4014 0.1376 0.5094 0.3576 0.3067 0.1976 0.1808 0.5450 0.4243 0.8065 0.6808 0.8867
46 38
2.9209
0.8067 0.3249 0.6804 0.9152 0.7903 0.2579 0.9456 0.2856 0.5835 0.7020 0.3488 0.2555 0.2822 0.1254 0.8607 0.5842 0.9353 0.7197 0.7255 0.7839 0.9192 0.8720 0.6785 0.1360 0.1316 0.4193 0.7978 0.3320 0.1838 0.8413 0.4053 0.3270 0.8752 0.1779 0.8903 0.4625 0.8877 0.7775 0.4583 0.7409 0.5093 0.4266 0.6705 0.4110 0.2867 0.8104
50 30
0.0212
0.9883 0.6190 0.0888 0.5766 0.1318 0.3735 0.7214 0.8648 0.1958 0.2241 0.5550 0.7789 0.8439 0.5102 0.5666 0.3447 0.7715 0.7760 0.9492 0.2690 0.2702 0.5514 0.0762 0.5636 0.5788 0.1974 0.2736 0.6084 0.1087 0.7352 0.3330 0.4749 0.5604 0.2125 0.1730 0.8732 0.5060 0.1374 0.5684 0.2547 0.9729 0.4158 0.2092 0.9310 0.8485 0.4704 0.6513 0.7169 0.9852 0.7770
50 1
50.0000
0.0000 0.0000 0.0000 0.0000 0.0000 0.0000 0.0000 0.0000 0.0000 0.0000 0.0000 0.0000 0.0000 0.0000 0.0000 0.0000 0.0000 0.0000 0.0000 0.0000 0.0000 0.0000 0.0000 0.0000 0.0000 0.0000 0.0000 0.0000 0.0000 0.0000 0.0000 0.0000 0.0000 0.0000 0.0000 0.0000 0.0000 0.0000 0.0000 0.0000 0.0000 0.0000 0.0000 0.0000 0.0000 0.0000 0.0000 0.0000 0.0000 0.0000
50 34
12.6976
0.2628 0.4008 0.5354 0.4352 0.4827 0.3415 0.0383 0.2339 0.3485 0.1530 0.7178 0.3846 0.6649 0.3501 0.1892 0.8302 0.8340 0.5147 0.0641 0.0307 0.8842 0.1499 0.3109 0.8571 0.3205 0.1939 0.9489 0.3770 0.8998 0.1647 0.9384 0.2688 0.9499 0.4559 0.6134 0.2474 0.5617 0.0907 0.5892 0.7969 0.8457 0.7510 0.2649 0.2071 0.6414 0.1269 0.4574 0.0977 0.2115 0.8705
45 35
0.0047
0.1799 0.6577 0.8522 0.4077 0.1420 0.3556 0.3942 0.3422 0.7636 0.3439 0.1050 0.8788 0.8571 0.3818 0.7257 0.3707 0.2326 0.8446 0.3519 0.4183 0.0307 0.3507 0.4416 0.0970 0.8733 0.7770 0.9636 0.3799 0.2581 0.9732 0.9108 0.2753 0.8293 0.1729 0.0315 0.6883 0.0054 0.7553 0.0007 0.5420 0.3363 0.4362 0.2449 0.9561 0.4316
50 28
0.0146
0.6266 0.3960 0.9668 0.5336 0.9494 0.7261 0.8781 0.7582 0.1011 0.5736 0.9382 0.5367 0.4604 0.2620 0.4705 0.9582 0.0945 0.6964 0.3972 0.5075 0.1316 0.4328 0.4693 0.5693 0.9375 0.4372 0.3711 0.2215 0.2454 0.5254 0.4045 0.2601 0.5919 0.9243 0.1658 0.6863 0.1557 0.6937 0.9864 0.7975 0.8190 0.4812 0.1727 0.7793 0.7964 0.2608 0.8155 0.3512 0.8313 0.3049
50 25
50.0000
0.0000 0.0000 0.0000 0.0000 0.0000 0.0000 0.0000 0.0000 0.0000 0.0000 0.0000 0.0000 0.0000 0.0000 0.0000 0.0000 0.0000 0.0000 0.0000 0.0000 0.0000 0.0000 0.0000 0.0000 0.0000 0.0000 0.0000 0.0000 0.0000 0.0000 0.0000 0.0000 0.0000 0.0000 0.0000 0.0000 0.0000 0.0000 0.0000 0.0000 0.0000 0.0000 0.0000 0.0000 0.0000 0.0000 0.0000 0.0000 0.0000 0.0000
50 50
50.0000
0.0000 0.0000 0.0000 0.0000 0.0000 0.0000 0.0000 0.0000 0.0000 0.0000 0.0000 0.0000 0.0000 0.0000 0.0000 0.0000 0.0000 0.0000 0.0000 0.0000 0.0000 0.0000 0.0000 0.0000 0.0000 0.0000 0.0000 0.0000 0.0000 0.0000 0.0000 0.0000 0.0000 0.0000 0.0000 0.0000 0.0000 0.0000 0.0000 0.0000 0.0000 0.0000 0.0000 0.0000 0.0000 0.0000 0.0000 0.0000 0.0000 0.0000
50 25
0.0000
0.0000 0.0000 0.0000 0.0000 0.0000 0.0000 0.0000 0.0000 0.0000 0.0000 0.0000 0.0000 0.0000 0.0000 0.0000 0.0000 0.0000 0.0000 0.0000 0.0000 0.0000 0.0000 0.0000 0.0000 0.0000 0.0000 0.0000 0.0000 0.0000 0.0000 0.0000 0.0000 0.0000 0.0000 0.0000 0.0000 0.0000 0.0000 0.0000 0.0000 0.0000 0.0000 0.0000 0.0000 0.0000 0.0000 0.0000 0.0000 0.0000 0.0000
48 15
0.0182
0.9629 0.4201 0.4684 0.3462 0.2816 0.4805 0.0942 0.8140 0.1655 0.0705 0.6139 0.0612 0.2469 0.2311 0.4932 0.8898 0.4244 0.6005 0.2300 0.9311 0.2831 0.3847 0.2073 0.1779 0.2727 0.1624 0.0326 0.5953 0.1489 0.1624 0.7769 0.7267 0.8905 0.5340 0.0728 0.8318 0.2504 0.6134 0.5445 0.7577 0.7060 0.3977 0.3005 0.9616 0.9784 0.4840 0.2635 0.5252
50 38
8.7579
0.6990 0.8174 0.9516 0.8531 0.3998 0.5191 0.5470 0.2037 0.9166 0.9889 0.5132 0.0109 0.6441 0.0356 0.1872 0.6018 0.9469 0.1988 0.3806 0.5987 0.3313 0.7230 0.2049 0.0110 0.3944 0.1727 0.8490 0.6795 0.1626 0.7098 0.0115 0.2678 0.7044 0.5741 0.7342 0.2177 0.7347 0.4417 0.1738 0.3102 0.4297 0.1572 0.0094 0.0773 0.6488 0.9233 0.4844 0.8873 0.5617 0.7303
49 38
0.0110
0.9421 0.0624 0.0639 0.2414 0.6952 0.2778 0.4749 0.2538 0.8319 0.8562 0.2229 0.3791 0.5668 0.7651 0.1768 0.8681 0.1853 0.1790 0.0999 0.6431 0.9328 0.9323 0.9631 0.4358 0.2734 0.3498 0.8695 0.2968 0.9963 0.6473 0.4961 0.7367 0.1684 0.8323 0.1082 0.1372 0.6569 0.3370 0.7727 0.5743 0.5857 0.1353 0.3914 0.9988 0.1095 0.6862 0.2259 0.9584 0.6896
46 39
4.1324
0.7485 0.3175 0.4709 0.2253 0.7259 0.8713 0.3907 0.9004 0.7457 0.7180 0.1401 0.7386 0.8048 0.4727 0.1885 0.7522 0.1949 0.6451 0.6224 0.7991 0.7448 0.1005 0.1598 0.4797 0.9922 0.1121 0.1796 0.9631 0.3084 0.1461 0.1716 0.0039 0.1091 0.8702 0.8658 0.9135 0.5640 0.2384 0.7099 0.4503 0.2876 0.5837 0.4688 0.9709 0.8885 0.6838
48 34
0.0158
0.4398 0.3158 0.5247 0.1439 0.5048 0.7500 0.4183 0.0206 0.8209 0.6516 0.9622 0.1567 0.6214 0.5535 0.7898 0.6105 0.5498 0.8921 0.6130 0.3640 0.2515 0.9629 0.7282 0.1624 0.0620 0.8899 0.9767 0.0967 0.5207 0.5267 0.4433 0.7603 0.4308 0.4518 0.1010 0.6423 0.3639 0.6058 0.9908 0.2367 0.2816 0.0615 0.2976 0.6158 0.2089 0.4306 0.5118 0.2468
47 31
0.0175
0.9190 0.7212 0.0823 0.6084 0.0860 0.8896 0.7116 0.2068 0.8401 0.2179 0.4497 0.5551 0.9029 0.9529 0.9256 0.9445 0.9133 0.5242 0.5786 0.7858 0.5849 0.1901 0.5569 0.1994 0.8163 0.6751 0.0290 0.5281 0.2268 0.3031 0.7302 0.0215 0.7295 0.0367 0.4599 0.2863 0.3885 0.6483 0.2328 0.8587 0.7451 0.6895 0.9076 0.9912 0.7712 0.5908 0.0582
50 50
0.0000
0.8765 0.8765 0.8765 0.8765 0.8765 0.8765 0.8765 0.8765 0.8765 0.8765 0.8765 0.8765 0.8765 0.8765 0.8765 0.8765 0.8765 0.8765 0.8765 0.8765 0.8765 0.8765 0.8765 0.8765 0.8765 0.8765 0.8765 0.8765 0.8765 0.8765 0.8765 0.8765 0.8765 0.8765 0.8765 0.8765 0.8765 0.8765 0.8765 0.8765 0.8765 0.8765 0.8765 0.8765 0.8765 0.8765 0.8765 0.8765 0.8765 0.8765
50 50
0.0049
0.9999 0.9999 0.9999 0.9999 0.9999 0.9999 0.9999 0.9999 0.9999 0.9999 0.9999 0.9999 0.9999 0.9999 0.9999 0.9999 0.9999 0.9999 0.9999 0.9999 0.9999 0.9999 0.9999 0.9999 0.9999 0.9999 0.9999 0.9999 0.9999 0.9999 0.9999 0.9999 0.9999 0.9999 0.9999 0.9999 0.9999 0.9999 0.9999 0.9999 0.9999 0.9999 0.9999 0.9999 0.9999 0.9999 0.9999 0.9999 0.9999 0.9999
49 2
13.6810
0.2845 0.6022 0.8575 0.8576 0.4241 0.2666 0.4798 0.5069 0.0838 0.4026 0.6396 0.4553 0.1161 0.0147 0.8407 0.5932 0.2693 0.6137 0.2462 0.5707 0.3377 0.9603 0.0214 0.2586 0.5444 0.5053 0.4964 0.4386 0.3242 0.0628 0.5732 0.1259 0.7301 0.5160 0.4405 0.0493 0.8798 0.5704 0.0353 0.8662 0.1505 0.9725 0.7249 0.7956 0.9711 0.0729 0.9656 0.2332 0.5216
45 29
3.1650
0.6255 0.6480 0.2867 0.9328 0.4584 0.8876 0.9994 0.9641 0.2319 0.7864 0.6903 0.0944 0.4166 0.2891 0.8499 0.3570 0.5608 0.9398 0.7657 0.0325 0.5519 0.7098 0.8058 0.9230 0.5890 0.4323 0.8298 0.5021 0.3483 0.0093 0.6382 0.4711 0.6158 0.9014 0.9322 0.1980 0.8313 0.9904 0.0424 0.5221 0.2286 0.4293 0.2953 0.0200 0.4704
50 25
1.0000
0.0000 0.0000 0.0000 0.0000 0.0000 0.0000 0.0000 0.0000 0.0000 0.0000 0.0000 0.0000 0.0000 0.0000 0.0000 0.0000 0.0000 0.0000 0.0000 0.0000 0.0000 0.0000 0.0000 0.0000 0.0000 0.0000 0.0000 0.0000 0.0000 0.0000 0.0000 0.0000 0.0000 0.0000 0.0000 0.0000 0.0000 0.0000 0.0000 0.0000 0.0000 0.0000 0.0000 0.0000 0.0000 0.0000 0.0000 0.0000 0.0000 0.0000
2 1
0.0000
1.0000 1.0000
