100
4
2 3 4 1
4
3 3 4 1
4
3 3 4 3
10
7 8 10 10 9 2 9 6 3 3
10
2 3 1 10 3 5 6 7 8 9
997
767 677 818 215 35 36 300 245 619 899 754 613 814 764 191 80 684 965 272 533 480 47 86 412 890 875 276 984 336 94 580 358 977 556 591 444 772 325 357 45 968 565 119 232 862 848 654 564 396 670 461 540 214 739 890 419 888 261 428 109 18 179 952 123 291 419 814 538 309 142 449 224 613 901 987 154 911 68 603 16 654 709 32 539 870 200 785 99 271 535 476 545 943 136 898 925 176 202 97 280 959 650 294 910 104 151 950 408 797 650 161 566 794 897 732 201 306 802 971 432 10 528 920 976 91 942 366 974 585 927 69 645 147 230 411 156 561 780 437 344 335 1 333 515 7 909 900 274 310 256 792 44 537 915 138 659 793 758 196 990 246 504 44 701 873 332 903 696 569 595 943 238 148 976 235 4 546 789 720 121 359 570 52 960 852 369 765 211 613 290 643 912 645 791 907 695 775 622 524 560 116 956 691 200 781 498 861 503 509 229 620 455 729 811 288 748 560 895 658 239 121 437 317 493 33 66 196 362 837 287 379 921 750 549 697 663 496 349 916 984 517 64 638 105 334 445 259 194 804 673 637 984 318 884 851 719 189 276 898 92 468 242 58 588 931 963 985 460 681 38 258 472 114 452 415 126 114 85 285 619 305 843 436 224 279 30 230 39 992 993 937 265 343 339 169 475 724 782 716 702 252 882 228 329 850 959 148 316 733 75 932 495 904 877 554 479 382 731 18 278 172 34 978 2 914 320 582 6 304 328 623 804 473 216 482 799 76 261 332 924 817 80 409 715 153 876 421 477 285 233 554 220 673 390 840 315 39 471 429 194 523 887 122 262 509 182 966 791 927 886 151 619 860 412 780 832 295 971 218 892 225 955 752 712 441 669 647 972 573 992 741 800 896 195 680 858 968 52 869 142 474 827 584 819 541 693 248 301 746 420 621 944 456 380 352 892 839 283 718 167 49 848 379 840 526 214 583 589 73 834 676 492 950 258 823 580 304 872 155 599 471 770 214 609 19 252 488 825 938 711 143 941 821 449 555 510 638 809 784 841 366 148 579 898 506 71 953 803 884 981 358 657 522 700 284 948 469 606 145 636 308 321 84 561 811 806 734 155 536 763 448 844 188 474 418 548 616 610 270 759 383 79 107 984 157 620 237 627 116 949 83 628 836 289 16 221 470 204 516 667 234 935 511 341 741 514 65 323 286 756 254 257 266 624 281 403 807 317 120 91 826 818 427 11 298 488 21 743 796 487 820 907 253 79 299 748 215 308 833 129 137 660 413 84 661 37 550 652 992 442 141 331 720 556 639 834 65 870 397 404 326 255 843 871 134 651 671 371 674 451 995 622 48 408 624 661 547 335 302 292 829 634 717 707 556 660 709 88 444 678 648 174 918 774 601 880 328 127 9 467 953 311 340 177 753 394 42 940 741 898 377 644 766 954 378 807 66 149 133 458 714 893 361 706 150 532 786 77 559 190 413 96 381 59 45 809 457 259 398 842 491 375 165 649 590 54 222 25 245 377 853 784 205 153 348 489 244 934 662 505 124 495 955 5 575 66 95 191 416 424 525 420 855 982 425 568 572 527 197 587 783 17 130 110 521 95 969 152 966 64 94 60 97 279 347 90 778 93 481 590 186 347 56 749 351 147 259 874 144 889 327 854 87 487 510 901 590 795 815 963 137 241 991 144 854 163 934 98 373 642 541 975 688 787 510 775 872 395 901 453 66 533 411 776 113 376 883 701 515 544 982 103 313 50 956 227 431 513 392 375 543 611 203 372 779 67 417 426 996 853 402 497 721 499 368 192 773 125 869 329 952 757 267 178 608 698 636 85 146 185 78 972 85 260 201 734 979 795 187 936 685 771 598 722 374 62 402 938 827 699 345 20 868 129 722 609 879 360 405 495 845 972 600 662 846 271 249 3 171 119 486 947 810 503 551 742 693 396 319 108 866 193 507 422 885 387 137 184 632 222 478 370 76 21 253 763 335 683 74 228 692 664 275 494 54 158 71 768 952 198 779 423 728 490 342 364 229 95 264 28 357 263 363 293 303 766 213 769 675 70 923 372 209 519 484 111 974 212 696 287 160 218 939 529 567 313 462 207 159 933 859 641 330 983 928 658 690 118 863 250 707 646 816 26 76 510 655 788 209 2 539 431 467 894 508 775 29 585 865 732 441 518 9 996 656 930 284 384 970 856 440 51 76 385 997 140 615 383 830 188 692 268 175 252 858 589 512 682 670 822 112 289 917 992 206 463 730
573
468 542 412 425 210 236 85 264 32 310 84 500 107 571 44 226 406 128 144 329 476 523 4 350 387 202 34 241 251 296 159 376 390 402 25 375 380 116 312 156 408 436 305 365 453 495 58 437 109 157 301 427 325 477 392 381 386 488 89 359 268 308 153 38 492 439 223 323 113 239 332 447 145 276 369 342 505 266 149 479 93 39 275 379 403 441 549 572 30 270 498 36 423 185 532 131 46 77 307 330 33 464 346 90 92 66 257 331 355 535 356 73 341 193 189 64 508 418 176 48 555 496 474 59 99 567 450 366 115 242 295 400 287 569 50 111 82 294 17 27 521 87 35 19 573 126 338 421 1 76 118 170 499 475 22 233 191 429 70 541 218 302 72 262 148 127 254 568 5 281 98 237 124 378 282 293 247 324 45 74 138 175 285 255 274 81 457 140 313 61 371 28 163 31 129 382 243 235 504 123 119 335 507 419 391 566 277 164 246 29 248 370 511 564 360 183 206 478 413 200 540 306 252 543 374 133 410 267 533 67 12 558 442 502 398 467 199 214 340 154 192 506 6 553 114 290 364 211 465 304 11 230 372 173 207 327 8 68 52 15 320 303 278 232 139 78 258 161 91 121 283 101 357 23 122 137 212 222 570 501 545 182 455 515 9 472 291 526 188 409 16 462 177 259 96 49 250 438 26 404 42 37 217 487 317 256 384 554 536 367 343 18 195 208 420 493 431 518 227 261 108 546 551 168 151 249 263 538 69 288 103 289 158 353 10 160 433 347 213 559 20 389 463 443 318 321 415 55 561 489 181 187 244 130 225 279 136 328 60 514 562 169 106 150 428 180 299 456 2 80 563 560 24 167 190 231 469 57 86 284 56 102 434 486 363 174 51 179 21 444 104 435 388 65 112 134 509 473 513 132 426 71 519 300 534 253 203 62 94 141 565 238 240 95 348 234 459 88 440 344 201 557 503 512 209 229 351 460 265 548 43 525 552 54 407 490 120 544 142 430 362 432 315 354 322 245 224 337 63 461 556 14 352 481 271 361 393 414 368 458 397 198 530 196 326 83 550 79 377 485 260 75 483 286 219 480 269 105 491 280 454 547 292 205 373 125 146 47 470 345 184 394 220 395 97 466 529 383 449 7 221 416 527 172 339 272 147 524 215 171 510 152 399 166 155 165 334 143 216 309 448 445 162 396 537 100 349 516 497 314 40 471 401 228 110 405 531 13 41 411 336 316 446 520 424 522 319 204 385 197 298 482 517 539 484 528 452 358 194 333 186 417 135 3 451 311 297 422 117 273 178 53 494
100
48 86 41 85 90 19 65 35 84 64 29 34 5 16 74 66 44 99 96 42 54 56 93 91 68 89 92 100 25 24 63 9 46 52 49 47 12 71 95 94 18 8 98 45 7 4 11 21 60 2 36 70 77 97 51 1 26 10 80 83 22 79 75 67 31 32 57 6 50 88 55 40 33 13 37 61 38 17 72 30 43 76 15 62 82 23 53 87 69 3 78 58 14 59 27 28 39 20 73 81
1000
223 94 627 374 158 974 817 838 53 516 853 307 840 52 385 9 366 128 17 908 195 804 745 770 916 317 732 864 940 874 333 872 675 818 267 960 528 113 973 688 968 10 106 834 985 620 698 125 289 500 673 572 417 221 784 610 147 381 26 718 407 430 756 215 455 359 750 492 661 16 479 477 734 379 765 949 433 431 771 898 793 754 8 498 31 21 182 758 957 997 425 418 343 174 642 310 518 987 85 96 799 276 584 501 357 708 535 978 200 902 98 576 809 300 260 468 849 494 759 493 543 273 21 648 881 372 268 157 205 411 25 499 65 604 668 716 205 925 841 581 389 289 4 364 304 301 779 416 66 321 200 3 260 30 502 290 720 78 402 843 633 412 725 900 527 361 776 901 456 555 685 330 294 744 776 749 245 828 143 599 18 261 322 785 606 458 172 369 328 880 895 349 345 781 348 691 789 537 629 7 249 656 939 332 185 841 240 695 206 108 331 950 575 313 855 116 593 1 254 582 161 768 241 137 619 96 61 162 126 982 811 201 264 283 954 396 4 665 598 101 999 992 736 6 461 213 749 229 761 67 398 511 612 525 699 132 235 847 687 730 230 661 474 438 507 971 941 286 104 914 377 522 907 308 388 394 674 763 428 659 857 5 731 877 130 935 757 884 50 62 521 655 726 697 87 569 14 782 832 42 970 76 285 705 972 420 717 257 386 451 45 653 671 666 434 29 552 288 388 626 706 616 471 478 282 28 677 351 983 362 61 645 337 320 544 393 886 93 611 520 232 673 904 82 457 194 771 164 915 422 250 134 800 337 589 497 367 912 170 353 54 825 682 48 541 58 41 584 133 530 45 292 106 390 966 893 32 821 729 911 646 715 713 538 710 961 399 937 421 878 712 621 298 537 323 924 889 332 829 711 879 587 871 868 964 231 111 372 657 196 971 553 86 209 562 459 842 302 272 905 145 608 23 418 896 28 178 339 447 958 517 963 125 526 49 325 145 270 504 761 724 324 638 318 903 804 885 73 912 121 246 191 5 649 521 714 63 856 160 772 105 400 695 669 392 743 920 532 839 238 826 384 513 127 934 600 614 548 117 370 492 694 152 794 162 432 71 760 940 166 142 169 210 184 557 281 74 406 95 140 790 850 798 928 632 120 346 852 591 822 253 831 303 135 263 131 436 344 306 91 858 368 467 507 869 311 428 568 757 189 63 159 750 199 144 844 358 891 180 219 244 284 544 951 680 188 887 12 523 514 366 748 647 277 778 443 149 916 270 235 515 486 813 635 866 212 662 888 441 473 999 764 851 232 802 314 356 792 830 97 837 203 161 173 636 352 867 640 187 660 997 878 789 682 846 836 228 484 384 269 848 190 63 664 60 898 519 769 314 155 787 284 993 181 60 573 871 545 83 503 156 532 573 910 275 35 678 677 554 740 182 466 814 410 222 387 762 862 818 20 826 725 365 483 976 176 547 367 382 242 924 27 927 13 293 403 342 447 99 506 309 960 755 383 39 815 936 426 448 860 460 788 487 208 355 147 256 301 464 296 422 791 791 255 803 894 660 138 681 946 373 193 207 689 534 397 419 15 698 802 665 626 243 430 977 56 320 805 621 783 690 863 955 588 38 427 943 488 422 72 786 696 122 639 628 248 485 469 147 191 434 347 664 630 998 312 84 218 599 679 104 265 722 55 94 540 969 688 19 370 16 385 264 509 945 670 643 969 539 154 944 401 69 923 567 192 400 870 897 224 512 393 781 372 656 329 324 495 577 852 81 214 684 423 225 297 755 70 528 446 766 380 742 136 414 706 38 444 459 564 890 226 233 476 634 128 745 107 801 87 910 550 183 490 44 413 723 545 268 733 334 84 883 395 675 602 135 598 340 215 475 186 11 873 307 389 491 494 236 218 833 672 693 179 842 448 650 217 657 150 168 965 795 29 281 854 991 546 579 692 776 204 274 812 817 89 980 903 32 360 376 746 112 605 925 877 995 536 701 824 808 308 993 46 415 280 597 601 505 454 119 490 110 295 566 387 482 24 172 816 813 775 703 175 220 211 151 492 554 510 450 305 614 171 948 114 252 541 209 400 706 348 929 504 59 331 445 728 786 607 644 565 118 27 561 574 847 415 519 299 378 222 442 667 165 549 747 594 508 115 792 25 410 391 586 764 947 465 584 823 962 278 658 66 424 46 760 177 932 644 570 102 637 287 671 556 596 590 309 116 436 686 338 188 234 427 906 659 395 564 859 625 75 286 917 44 97 889 654 570
128
41 44 8 43 64 13 47 77 119 49 2 56 56 51 3 107 95 27 87 122 2 94 9 27 102 57 75 107 128 74 27 52 45 42 23 67 72 127 108 106 84 52 4 86 33 90 88 63 8 121 93 86 118 41 19 30 1 124 118 111 41 30 93 121 103 112 63 94 117 105 124 75 60 30 16 107 8 123 80 10 126 9 116 38 124 34 19 9 4 64 84 62 29 64 93 34 124 119 42 29 12 8 69 34 87 108 37 57 85 75 66 66 2 13 51 115 121 69 126 106 124 17 104 5 47 49 84 27
546
388 166 280 534 432 138 402 38 503 248 494 526 343 363 238 188 285 93 521 417 139 493 482 255 95 114 321 252 161 331 170 523 467 535 64 428 274 250 474 519 543 185 195 191 539 151 2 309 310 56 82 398 202 232 42 393 7 12 36 412 305 167 34 377 541 62 129 433 165 346 303 400 536 53 198 447 270 322 228 150 209 269 444 117 160 323 335 91 200 395 468 376 18 453 113 236 257 296 17 430 221 542 96 58 204 459 244 21 509 8 473 540 416 174 207 256 49 61 223 134 180 300 298 367 193 344 23 484 229 192 465 225 287 253 528 68 43 147 327 313 408 233 422 126 119 190 10 104 63 181 405 208 308 472 394 259 171 438 92 262 52 358 425 448 144 47 496 141 410 403 302 342 446 184 436 497 365 130 466 279 516 271 182 458 45 324 507 273 254 515 318 51 464 511 128 479 372 510 168 83 162 153 537 518 356 251 378 71 81 379 334 524 347 357 351 4 264 284 332 28 76 491 450 312 399 538 514 513 488 13 179 54 460 500 413 169 125 230 424 222 297 157 9 267 326 1 258 317 32 218 530 499 454 480 387 445 219 373 249 214 137 33 189 156 368 304 107 487 178 72 386 362 140 41 155 86 124 24 532 75 213 121 22 476 136 146 278 164 227 183 382 263 383 15 505 25 3 384 30 288 338 392 152 266 158 404 341 74 469 281 495 224 301 99 260 243 411 369 435 306 427 381 501 350 546 291 44 105 481 112 320 277 426 409 39 122 442 527 19 439 360 172 294 94 371 492 177 11 325 531 241 437 217 477 118 471 203 111 349 485 463 272 80 441 533 456 268 389 108 355 66 201 247 109 135 159 35 478 314 455 286 57 292 364 498 148 133 5 340 84 440 206 419 370 90 290 339 116 423 77 59 245 16 143 508 173 234 199 348 517 37 315 506 407 461 98 307 502 226 431 102 299 337 265 345 70 120 401 504 100 26 246 210 149 319 163 490 275 239 235 220 132 65 520 29 522 295 336 31 525 361 385 69 27 283 55 176 429 421 50 415 14 486 328 106 103 237 311 434 418 205 329 374 512 142 110 289 406 131 87 154 187 545 391 20 451 97 175 212 352 240 333 380 316 88 67 196 78 123 414 276 470 211 420 101 261 46 127 197 215 79 293 544 354 452 462 375 85 330 89 397 115 353 489 145 396 529 231 449 242 186 282 390 216 48 73 60 475 366 40 443 457 6 194 483 359
100
51 42 11 75 18 83 77 59 98 48 3 89 19 74 97 20 50 5 13 16 70 58 46 94 32 87 52 80 67 100 38 25 79 36 44 34 76 31 81 66 49 2 62 35 56 23 99 10 41 17 1 27 95 90 85 45 61 22 8 92 57 43 68 82 96 40 29 63 73 21 72 71 69 14 4 37 7 93 33 28 39 64 6 91 55 88 26 86 12 54 84 60 78 24 53 65 15 9 47 30
1000
905 1 142 151 774 71 580 931 841 311 633 192 517 275 86 188 240 255 537 623 99 366 708 916 38 975 281 48 413 79 215 266 868 381 10 49 176 965 818 619 283 811 865 193 549 160 37 783 83 505 120 718 395 777 974 685 362 434 676 737 706 464 374 684 269 34 741 376 143 138 541 338 864 516 41 213 554 477 521 439 939 292 365 754 542 234 325 179 944 407 385 544 784 833 632 58 877 743 148 683 75 502 555 883 532 11 89 470 118 382 584 861 440 12 539 450 129 443 141 299 360 432 721 256 571 60 169 618 248 873 90 565 84 765 644 712 681 125 447 756 70 830 410 664 162 968 110 870 260 123 30 77 278 471 448 731 500 61 955 892 775 678 4 739 691 876 96 504 637 357 495 174 286 924 317 509 635 303 690 300 566 108 770 890 576 87 22 316 759 289 854 308 829 625 601 621 563 46 575 802 231 640 626 460 80 150 267 342 779 793 803 849 848 536 452 318 133 717 51 839 812 352 577 332 662 478 933 740 330 485 986 167 402 809 455 263 791 761 553 762 210 525 333 456 937 220 953 807 847 672 282 65 419 157 454 487 747 776 860 998 990 302 85 650 472 893 321 64 426 862 247 400 40 62 7 880 47 173 513 153 149 702 874 999 119 915 934 388 709 377 646 936 896 992 279 232 351 927 935 814 769 857 903 949 752 304 989 499 531 693 348 700 599 699 166 688 322 583 543 81 689 928 224 229 211 425 109 911 617 698 582 253 720 951 172 675 960 369 750 604 82 363 590 335 100 222 647 729 207 838 508 819 682 29 800 315 185 613 614 735 973 844 745 190 888 816 488 418 239 556 872 572 610 988 259 301 859 878 19 473 356 808 18 435 952 111 578 409 201 799 13 885 305 886 976 403 387 938 983 751 686 569 782 2 271 962 63 199 526 497 498 187 264 101 249 789 597 979 144 736 427 925 225 59 627 918 200 598 766 843 871 494 966 417 421 445 950 900 825 904 319 606 550 694 908 208 964 701 258 184 824 117 656 926 884 732 175 320 638 156 645 852 415 881 32 595 943 899 393 711 716 573 346 328 457 496 631 392 679 353 433 245 386 242 53 538 398 67 560 940 655 730 781 611 209 226 866 846 69 489 453 441 518 891 695 406 17 806 568 821 28 607 56 102 411 788 557 856 3 786 158 337 842 287 780 130 241 327 764 202 412 671 431 524 822 298 917 559 285 593 796 581 170 252 519 836 340 265 972 272 284 238 616 715 57 296 733 136 294 589 942 520 378 493 196 206 831 506 810 194 313 609 602 501 349 484 552 476 562 920 243 437 21 195 36 390 114 768 416 334 624 977 280 132 396 665 384 399 43 33 668 324 137 103 588 746 914 55 963 753 591 251 912 466 373 585 20 680 971 503 216 996 738 214 587 748 981 707 630 72 697 475 667 446 564 734 882 182 898 139 726 548 159 561 970 465 855 326 107 93 474 511 223 722 468 104 523 869 113 105 648 467 197 92 277 126 404 652 956 710 461 5 771 73 728 88 254 492 347 482 27 154 875 178 515 817 692 244 368 359 649 851 834 628 902 724 257 991 687 261 727 641 273 291 91 978 832 567 235 804 212 901 826 140 180 794 958 42 383 54 355 643 719 155 642 191 540 198 429 218 828 341 24 666 430 757 909 189 370 183 414 323 510 570 574 921 982 436 449 397 932 773 703 463 480 236 375 186 755 205 221 980 401 203 358 763 887 705 276 507 262 469 217 161 853 428 268 894 592 922 657 459 14 339 307 696 290 9 744 181 306 948 677 380 331 68 438 947 15 444 78 547 651 620 295 858 44 336 713 168 152 250 659 246 106 837 923 603 522 424 131 867 146 405 622 961 529 792 8 227 823 66 204 394 820 634 35 827 533 897 772 778 122 95 906 994 171 164 546 895 165 219 423 270 39 785 629 124 74 514 863 930 483 984 535 714 486 941 669 845 389 25 594 134 967 314 749 527 343 50 907 790 725 127 558 1000 408 805 94 310 889 115 534 995 297 879 116 97 312 26 600 929 391 586 6 673 23 997 653 145 528 959 462 481 512 985 458 835 329 723 379 228 112 969 237 910 993 45 946 954 233 367 31 530 420 801 797 840 654 639 545 663 596 787 16 98 551 490 274 354 798 76 660 135 636 795 605 293 742 442 658 372 479 670 451 815 344 371 608 121 760 345 364 913 945 52 230 579 491 957 147 163 813 615 850 361 919 128 674 309 758 350 704 661 767 422 288 987 177 612
995
44 483 528 362 286 693 597 988 290 151 267 692 366 724 21 686 743 654 777 394 800 500 292 623 526 109 279 489 795 634 757 526 12 661 725 213 133 474 474 46 198 470 140 479 569 40 360 910 805 924 150 850 152 163 692 761 564 612 814 540 889 926 27 413 543 295 20 758 947 36 351 390 735 522 501 581 340 135 742 875 590 127 835 76 14 328 478 836 551 931 374 230 335 758 611 670 995 524 825 429 208 480 458 293 55 109 417 353 106 69 262 707 117 808 316 799 78 472 582 974 645 796 773 118 138 149 535 541 186 490 338 806 965 595 164 321 286 531 236 767 678 714 666 234 891 232 51 858 664 319 383 32 935 284 511 908 252 200 79 529 190 6 456 625 578 656 275 957 269 794 687 196 783 967 263 766 617 236 701 232 534 703 830 865 852 969 723 857 716 7 205 104 138 340 365 430 913 228 443 503 438 112 764 88 787 176 929 304 263 894 560 674 154 314 906 911 646 46 529 778 237 28 73 348 928 747 72 217 809 365 903 781 357 807 933 139 289 925 600 388 936 900 698 747 777 880 574 869 1 932 272 956 90 346 178 165 515 954 777 215 145 355 209 772 589 418 591 142 752 729 483 825 837 751 261 853 125 59 593 605 100 788 502 154 783 934 377 243 523 829 955 529 1 709 369 754 303 349 640 655 719 669 855 240 111 378 843 455 775 711 867 172 885 180 9 437 796 331 453 307 711 436 583 21 927 695 68 451 785 315 702 977 472 549 982 892 106 789 862 675 516 401 610 398 987 543 837 247 730 297 686 584 804 428 907 555 280 525 552 753 833 893 704 28 195 922 45 660 464 182 723 791 24 91 568 97 492 794 73 852 211 852 641 636 313 530 41 988 268 206 712 105 677 545 488 224 167 887 375 776 827 662 915 372 124 921 899 779 364 905 975 56 218 950 233 964 539 118 795 768 363 534 856 870 427 352 945 992 554 306 757 994 901 280 950 738 476 611 382 141 495 307 760 587 208 26 948 542 920 341 919 875 188 99 450 520 834 678 805 326 250 199 556 119 368 153 892 36 147 633 126 216 204 39 738 681 810 629 52 166 862 330 607 566 373 504 31 367 392 617 416 577 917 334 161 64 467 26 826 638 75 967 435 701 652 63 777 400 793 383 155 802 475 15 718 648 605 115 563 914 522 165 66 941 195 253 177 612 367 490 299 129 510 905 506 561 64 491 717 60 827 14 963 263 74 739 888 12 139 462 408 704 391 85 824 80 385 935 731 899 884 125 220 39 604 246 133 879 962 903 595 25 740 580 902 148 439 404 942 533 619 508 403 579 405 432 696 2 351 231 541 141 499 781 376 124 689 895 347 229 588 603 411 961 517 949 358 218 758 514 969 528 815 46 750 309 546 89 669 571 847 49 888 688 515 386 88 519 318 222 613 388 242 447 504 946 860 254 677 92 260 727 325 173 227 868 518 734 715 611 493 297 548 172 968 639 844 930 282 699 35 847 86 258 521 36 378 737 212 96 839 384 545 325 684 254 241 631 123 13 389 213 786 858 329 155 30 694 536 238 71 12 426 878 628 373 857 424 583 91 191 818 3 771 801 409 57 893 652 832 175 548 932 624 588 75 883 345 795 736 221 296 774 14 370 102 616 48 131 60 512 725 309 683 407 820 939 284 167 308 264 894 672 859 32 88 156 33 565 644 716 5 959 841 125 929 720 109 102 207 42 720 223 454 626 842 108 50 937 231 828 276 113 886 984 278 274 790 866 534 56 162 460 602 445 399 872 482 587 966 671 731 239 378 557 949 869 873 356 244 797 553 252 214 540 225 312 863 609 491 413 915 303 344 255 47 219 300 983 349 669 465 116 139 511 782 463 721 834 58 56 637 361 819 318 4 159 709 765 473 87 752 332 896 700 189 281 287 118 845 679 270 339 415 148 796 501 484 147 668 823 211 411 678 387 876 381 329 337 67 701 201 656 37 517 651 91 615 107 881 974 40 82 816 658 200 467 957 599 303 940 81 724 121 320 202 943 749 560 898 143 914 586 385 908 126 110 156 668 39 170 891 800 589 209 793 486 877 17 897 817 49 621 273 670 932 474 960 420 962 920 763 235 598 659 96 952 341 882 618 620 421 288 748 441 287 396 181 537 374 89 19 847 851 958 690 466 433 184 366 98 930 43 970 415 22 157 945 971 322 663 671 360 305 310 661 652 951 309 802 864 203 550 830 830 526 573 53 562 861 210 705 924 647 754
400
8 231 112 339 243 360 287 32 335 153 350 16 29 198 340 322 24 239 319 337 165 202 237 277 274 52 96 50 285 21 336 394 357 26 189 169 393 286 148 156 39 78 55 87 131 35 129 346 244 214 345 294 225 367 209 97 46 14 245 359 358 59 218 62 145 162 304 371 349 351 122 278 63 196 296 101 392 284 132 238 182 163 204 42 326 259 226 266 143 12 252 223 227 302 86 368 254 124 82 251 291 282 325 279 398 65 144 280 111 135 364 197 83 327 258 179 120 126 215 173 224 152 324 77 117 354 323 25 200 171 91 41 17 201 158 67 271 4 128 134 233 289 377 275 363 331 338 228 138 56 241 320 68 88 261 232 190 36 347 109 99 365 27 334 329 185 341 210 216 276 100 123 317 253 310 312 155 384 54 92 73 235 299 28 121 248 136 382 203 234 396 300 89 75 308 348 93 373 74 389 240 260 5 48 10 34 85 265 272 146 293 372 230 160 390 164 356 250 213 103 84 388 118 379 221 1 303 161 187 206 314 301 281 184 342 43 127 219 2 157 40 23 330 147 98 270 49 11 69 79 51 361 387 133 222 44 113 256 381 139 180 104 267 7 380 57 207 344 391 102 383 33 309 400 262 64 208 178 305 385 249 386 71 176 105 332 13 333 397 343 194 269 311 315 154 125 236 15 399 81 3 297 119 321 313 374 212 140 47 257 192 114 90 141 211 255 362 292 95 353 80 130 159 188 30 217 151 166 72 58 110 375 229 378 273 298 295 376 199 316 168 9 61 246 137 205 38 307 169 328 242 306 167 20 19 107 142 31 108 183 283 369 76 220 247 18 172 318 22 115 263 191 170 116 45 355 66 149 352 195 150 53 349 290 193 264 366 37 174 94 268 175 106 70 186 60 181 177 370 395
100
52 17 66 3 67 56 67 39 78 90 74 97 86 27 11 59 48 28 87 68 64 99 79 22 42 39 64 89 98 36 42 28 95 79 6 60 10 81 58 2 60 31 35 87 95 14 13 51 19 33 94 61 71 12 74 35 97 26 76 98 39 95 43 100 36 89 91 61 6 54 92 78 51 45 64 19 71 72 17 74 7 83 18 67 20 13 49 12 3 37 7 57 4 48 74 35 54 41 6 64
53
46 37 13 45 44 36 9 10 53 29 5 30 38 43 32 47 39 34 20 24 20 16 52 25 19 50 49 11 12 33 3 15 48 26 2 32 23 48 51 15 21 31 42 14 18 8 27 3 24 41 6 40 22
400
373 294 149 284 208 13 194 178 156 12 203 231 103 277 177 8 76 170 81 367 260 176 95 390 384 335 325 236 153 132 70 158 96 270 91 243 159 190 161 279 292 49 32 356 49 155 372 147 369 66 26 93 265 326 167 225 16 28 33 40 250 124 365 43 393 113 380 106 353 21 293 391 58 139 174 9 365 243 394 315 150 289 16 157 168 47 213 213 84 343 305 72 261 232 218 363 37 192 207 339 355 205 46 161 7 148 204 385 399 120 183 13 128 220 91 124 300 341 4 209 153 197 332 183 170 366 76 246 389 123 322 189 74 26 205 100 386 357 79 354 392 137 345 236 30 325 86 318 90 141 275 101 188 221 221 240 379 255 293 325 30 85 336 25 64 143 48 234 378 87 195 3 306 22 249 140 5 182 357 250 273 206 41 92 301 361 143 281 107 160 400 57 331 198 258 31 101 125 82 62 203 184 216 102 19 78 366 330 353 272 348 321 122 185 31 199 111 238 201 162 179 115 145 73 262 83 10 396 142 395 23 191 239 361 129 195 335 323 61 257 38 64 370 56 121 222 351 200 310 193 276 194 160 120 109 340 314 271 370 55 68 381 126 210 360 133 352 223 123 364 333 288 133 352 297 3 283 127 290 157 211 337 98 105 214 321 379 227 264 131 34 359 249 228 158 111 94 380 312 346 349 134 305 347 97 152 75 302 136 54 181 24 2 267 60 371 45 130 293 375 309 224 33 381 187 244 262 364 171 50 351 119 380 181 248 77 317 77 347 248 202 169 201 318 285 277 75 129 312 357 286 360 374 65 251 397 220 19 84 338 291 30 108 44 165 31 263 328 268 110 1 341 278 181 6 79 300 245 1 15 308 228 101 144 151 241 344 216 80 52 313 342 229 320 58 233 282 277 20 377
20
18 3 2 8 20 2 11 11 18 4 14 10 19 20 9 2 1 2 18 8
10
4 9 6 6 9 7 10 1 3 5
53
26 28 10 8 48 20 33 39 10 45 23 19 2 46 40 22 6 35 46 36 52 25 51 53 5 41 7 36 37 1 30 42 14 3 11 17 12 29 27 50 13 9 20 47 34 14 32 24 16 44 43 18 3
100
59 16 67 96 74 23 31 50 39 18 63 91 76 77 75 2 54 10 85 92 62 83 6 99 34 61 52 80 87 71 7 38 79 25 47 66 70 32 9 60 97 43 42 53 48 49 35 45 46 8 89 27 44 17 94 90 95 98 1 40 26 21 11 93 81 36 3 88 78 37 30 86 100 5 15 13 14 69 33 28 65 84 22 82 19 72 29 68 51 56 12 20 64 55 57 4 41 58 24 73
1000
703 132 128 440 892 989 850 812 841 449 114 76 678 333 10 691 778 64 57 693 524 472 992 105 760 52 495 166 399 97 27 779 615 31 392 966 935 4 796 377 230 742 578 968 965 934 322 418 904 882 351 811 770 577 817 816 172 631 686 690 862 669 195 138 355 814 773 397 948 159 255 18 429 749 704 316 582 264 654 433 699 310 513 705 762 144 810 613 549 969 480 614 248 98 761 558 74 646 187 637 977 247 499 896 424 488 508 536 860 869 997 466 595 404 102 304 146 225 802 217 697 993 164 733 256 364 570 295 999 101 59 83 269 866 562 951 336 434 970 885 920 284 734 13 666 71 58 830 583 244 793 872 372 728 62 980 196 348 506 507 415 288 839 596 257 165 886 349 290 972 425 26 325 239 298 911 379 854 95 92 431 296 208 273 218 88 518 216 559 756 481 422 958 551 548 689 990 328 791 417 473 326 652 205 589 959 573 846 127 482 478 69 395 525 910 567 271 540 358 157 193 827 321 203 435 135 474 687 268 916 933 198 772 718 900 682 414 659 575 539 368 305 512 389 410 684 75 376 119 486 624 556 402 427 710 876 332 111 292 751 924 324 532 383 829 42 476 794 683 985 753 94 243 516 306 371 736 954 702 270 338 104 369 936 210 188 530 782 677 955 55 222 942 906 220 843 509 453 301 663 768 500 287 276 22 152 175 23 72 799 831 77 169 81 805 158 448 592 533 899 800 956 237 212 201 1000 574 46 526 329 619 783 591 748 438 611 412 836 738 978 538 250 43 37 594 293 191 68 202 280 317 504 267 510 423 590 908 246 50 342 873 178 215 86 743 835 971 163 226 73 142 112 597 603 844 340 809 460 129 7 447 685 391 261 982 806 167 84 957 360 122 131 467 541 604 263 709 643 949 891 721 616 359 126 737 266 879 695 120 994 650 39 593 307 236 242 319 785 387 133 156 214 975 986 605 38 2 384 115 763 868 937 259 607 542 848 234 93 14 441 960 572 871 555 275 124 289 784 24 458 173 21 223 154 253 656 199 297 432 859 484 136 283 610 976 584 148 679 123 651 382 628 586 291 765 776 729 370 950 788 390 456 724 89 107 623 747 629 345 579 626 381 116 550 40 926 546 849 386 649 190 928 44 808 497 698 323 953 587 903 552 557 311 437 554 145 405 852 315 545 87 403 730 726 108 918 233 299 363 861 265 176 465 566 445 832 662 277 907 561 766 642 894 479 658 890 647 847 470 665 644 877 741 898 99 930 33 221 851 929 632 228 354 182 139 750 90 707 454 901 439 85 272 442 998 28 279 61 12 207 543 602 820 464 155 585 16 818 625 932 209 984 952 864 51 56 534 125 569 915 823 282 599 887 919 560 792 627 494 600 401 36 394 393 334 471 790 837 192 821 493 150 227 314 838 362 25 774 80 245 913 330 426 722 858 303 160 118 692 65 492 834 515 468 313 634 200 219 878 537 813 231 857 300 170 511 601 905 117 251 638 455 450 180 6 459 764 149 804 522 356 249 889 917 777 413 769 758 883 856 78 419 487 867 527 845 294 767 588 667 137 343 179 258 719 618 714 945 54 477 914 797 870 407 366 940 881 648 694 204 45 853 746 739 8 140 308 725 653 327 420 670 396 668 100 581 375 41 19 134 229 11 675 576 457 943 5 983 35 421 183 285 378 771 909 91 211 633 740 815 194 47 657 241 964 350 79 463 715 807 9 130 240 357 880 621 309 544 274 113 335 640 568 312 781 608 416 344 177 944 988 232 842 612 436 320 974 252 331 529 759 400 197 365 66 475 931 353 286 912 186 147 411 801 696 461 496 213 162 803 521 939 609 517 161 502 110 735 963 380 641 428 523 938 17 462 680 452 398 565 895 580 153 235 874 708 676 20 141 987 535 716 921 865 262 979 973 630 485 29 833 82 3 967 528 780 385 103 67 189 893 238 786 622 744 571 819 520 70 53 712 498 671 501 49 822 281 346 855 884 664 185 489 711 620 347 981 946 406 635 897 902 795 617 260 732 181 30 947 717 606 408 995 688 660 361 151 754 553 491 941 713 503 505 352 752 706 337 923 451 731 531 174 636 318 962 409 925 469 564 723 563 655 444 519 547 996 224 339 775 1 206 745 34 661 681 826 446 824 755 63 32 798 490 254 757 825 121 991 143 106 302 374 514 443 672 961 96 720 48 789 278 674 645 483 639 927 598 888 109 373 700 184 60 875 388 922 673 168 171 701 15 863 787 840 430 367 727 341 828
100
65 88 48 24 48 70 67 44 7 25 39 45 4 96 97 56 2 60 40 17 65 14 25 73 44 6 83 36 26 89 87 77 9 80 29 30 99 62 45 91 29 52 11 3 53 72 38 18 19 60 92 100 89 68 86 63 82 15 76 43 27 41 94 78 55 32 95 92 68 22 42 64 16 75 20 19 88 79 1 32 44 33 28 77 11 59 71 31 63 69 37 47 15 46 13 44 33 69 61 58
20
16 13 17 10 4 13 19 18 10 1 17 6 15 16 13 1 12 1 8 7
10
3 3 7 5 4 1 2 4 1 8
320
98 26 73 217 315 290 244 148 233 26 294 267 95 214 227 107 85 9 208 67 56 80 234 84 213 2 146 223 224 159 271 41 222 91 165 269 155 197 202 162 108 172 35 1 48 69 235 272 28 186 225 306 146 253 230 4 151 71 268 258 28 262 20 166 300 33 115 90 100 122 58 181 205 162 228 140 166 92 318 112 72 191 192 47 101 27 1 266 212 239 54 20 254 50 28 28 82 249 143 314 99 266 41 190 34 83 242 171 5 38 90 26 69 109 194 82 7 193 73 27 165 48 183 120 110 276 53 160 234 174 40 267 108 189 137 230 3 285 37 4 21 9 262 123 161 305 232 45 162 166 140 210 228 166 117 3 181 215 9 33 285 164 69 25 190 235 165 271 130 299 292 39 24 52 7 169 183 22 116 245 136 232 314 173 176 69 118 298 100 165 256 117 9 186 116 316 192 102 113 90 273 261 229 49 319 240 179 253 15 56 25 300 37 231 17 155 12 15 201 237 234 289 226 127 52 247 170 296 143 122 140 107 246 261 222 11 103 103 313 85 178 32 8 149 10 302 75 19 24 198 287 276 90 240 290 116 214 155 13 3 85 311 69 18 21 209 138 299 201 81 210 270 127 267 194 183 139 125 128 16 231 49 146 130 152 190 320 194 1 71 96 147 112 182 88 13 106 303 250 234 77 19 256 167 73 270 260 214 54 28 158 79 233 92 298 313 125 224 318 287
20
15 16 15 17 19 18 2 6 16 16 18 3 7 11 4 1 3 3 12 17
870
152 557 77 793 542 574 176 398 116 168 761 146 410 337 220 534 418 207 13 786 631 486 495 666 416 196 727 725 531 20 396 551 859 163 348 505 833 596 747 541 570 272 505 394 154 713 339 853 864 818 487 98 190 631 814 787 261 89 388 500 335 111 396 499 19 454 378 135 375 766 253 101 534 676 434 811 215 210 461 331 121 404 777 683 311 100 71 235 263 140 68 747 355 144 88 312 204 4 4 775 505 555 517 592 295 642 32 521 273 625 193 441 79 518 365 530 437 159 836 612 314 791 381 435 213 424 26 652 234 381 398 763 1 593 63 35 165 856 830 342 236 37 246 485 454 185 689 274 241 268 552 107 792 814 629 585 859 254 178 509 333 725 785 705 449 501 93 170 258 752 209 513 361 88 198 602 210 72 712 202 797 558 458 383 158 178 245 76 733 115 719 774 497 706 146 290 53 506 429 258 364 56 666 647 531 675 409 4 155 270 498 699 202 171 478 426 498 555 236 9 82 592 451 275 421 742 14 254 39 377 488 248 235 637 29 219 541 493 731 750 366 298 620 473 459 419 77 295 697 574 250 464 641 586 50 161 259 480 325 160 528 672 850 158 695 683 697 574 861 413 754 217 371 757 585 107 866 277 41 38 691 731 545 701 218 107 283 261 859 673 518 191 829 725 663 473 678 27 265 693 579 165 776 492 575 309 75 147 682 49 26 574 760 765 171 192 205 79 675 334 751 268 387 672 16 473 20 209 302 415 566 666 154 722 288 648 508 539 143 764 708 59 251 756 695 148 27 525 117 641 35 634 736 294 855 863 222 153 162 794 622 32 702 38 537 465 548 264 227 191 448 783 564 170 128 759 362 870 516 516 24 857 690 6 570 437 368 11 797 3 643 751 105 610 661 417 801 168 264 152 178 83 503 221 678 40 795 752 432 121 272 687 83 573 550 292 555 735 234 99 197 672 192 708 93 331 116 206 406 867 187 848 674 378 717 848 540 820 712 593 706 543 293 111 308 16 89 710 350 594 753 418 111 805 609 804 232 642 44 101 274 328 653 84 695 441 816 323 716 107 862 8 293 793 245 761 624 412 72 73 174 415 640 284 567 774 839 482 840 608 405 474 87 188 477 786 833 413 557 118 35 146 659 536 556 397 825 236 337 602 51 420 457 771 271 302 211 71 491 353 487 828 735 609 532 845 102 654 117 223 341 120 457 767 344 585 625 63 8 508 573 193 400 433 599 165 679 470 471 493 205 477 76 791 388 859 643 388 652 463 140 843 378 381 495 806 713 12 781 146 764 54 204 271 843 411 62 425 831 756 678 48 717 84 225 220 869 571 376 233 416 776 807 282 25 351 442 356 655 545 561 520 398 615 671 444 821 488 434 789 448 867 777 748 652 426 526 26 825 84 354 354 282 320 601 363 14 410 708 575 545 342 584 313 667 589 314 773 654 372 860 206 134 123 311 130 331 741 648 469 321 740 748 794 54 711 99 623 584 294 425 646 363 322 542 618 837 51 318 603 720 114 8 661 313 149 668 681 676 748 400 109 127 438 387 467 6 659 495 839 527 514 764 812 173 587 740 109 592 460 17 829 467 483 164 241 563 699 305 857 380 655 113 155 70 630 261 107 120 648 182 521 625 106 18 221 28 418 96 723 853 164 296 124 220 385 781 8 405 313 62 808 456 690 68 145 61 167 313 232 308 459 389 445 139 684 557 633 837 288 800 248 488 559 368 374 534 204 842 184 429 735 847 457 352 609 623 601 60 179 732 463 699 487 150 292 594 71 564 345 596 183 349 698 433 174 520 290 495 58 366 24 800 841 294 407 843 51 800 366 79 504 679 161 596 732 750 847 415 652 135 265 330 395 99 669 604 645 177 708 236 296 494 390 19 743 131 7 478 280 826 565 453 576 375 787 334 547 763 53 802 399 817 245 429 838 724 156 345 786 515 487 280 847 278 666 132 366 694 581
3
3 1 1
10
9 4 5 6 6 10 6 6 5 4
100
21 17 2 23 11 28 13 45 57 41 32 16 72 86 1 80 74 35 59 1 6 56 99 75 100 59 96 46 92 57 86 66 40 48 64 61 58 97 3 43 29 4 51 37 14 53 76 22 16 96 52 82 88 86 3 8 10 91 63 33 49 16 24 47 25 42 90 37 7 67 5 44 94 65 70 98 40 36 72 73 30 97 98 17 81 34 71 15 15 95 69 93 81 78 59 18 60 50 71 55
10
4 8 10 10 1 8 3 10 2 3
871
630 497 359 220 429 782 525 726 536 846 478 401 394 634 579 655 187 127 366 837 52 382 810 410 257 365 420 272 660 225 391 590 326 114 805 325 663 643 577 347 504 122 21 138 552 5 151 524 132 606 477 784 379 183 281 287 430 506 796 339 702 616 461 77 449 539 120 269 778 640 503 490 186 829 671 433 344 144 179 845 861 697 848 227 317 338 336 781 481 61 358 298 448 500 714 418 346 69 342 476 79 368 842 729 258 140 559 446 523 613 617 377 603 605 249 858 29 265 569 678 797 704 378 421 263 285 130 436 104 776 211 596 363 773 212 730 749 184 734 743 868 11 331 268 169 205 94 202 681 690 435 439 684 731 133 641 631 611 215 635 800 376 720 64 136 23 787 329 253 447 172 702 229 827 381 628 718 369 428 236 588 390 560 457 116 623 835 150 290 108 18 273 30 411 15 154 316 1 432 93 455 445 598 496 563 761 696 319 158 100 513 828 656 723 226 801 161 103 869 341 327 650 833 812 483 167 708 393 37 440 182 770 757 695 682 312 444 642 530 135 764 649 508 685 142 703 55 165 121 813 189 210 68 73 717 578 579 443 624 47 328 520 566 652 751 612 422 284 160 779 75 277 713 313 301 249 425 7 777 754 573 340 198 200 208 854 645 599 364 438 126 450 516 264 99 45 856 80 532 741 66 459 689 218 78 762 468 626 514 121 818 119 176 14 756 148 554 648 594 541 464 250 389 61 290 416 744 843 802 278 838 469 621 585 296 694 201 501 185 738 251 850 357 750 372 534 722 164 502 615 53 810 636 515 82 609 830 688 196 441 88 860 345 788 698 233 330 427 836 658 149 565 395 216 193 587 564 816 49 115 109 821 260 465 168 602 374 103 672 604 647 847 454 117 475 467 601 262 43 383 32 307 306 19 367 521 576 350 16 735 402 337 177 106 654 124 81 256 180 495 721 524 39 674 840 135 324 740 586 659 34 765 480 680 4 574 141 96 181 166 614 653 42 794 73 720 283 310 791 318 54 63 492 412 15 745 556 214 550 540 728 759 209 862 87 48 408 354 852 57 404 527 661 806 385 62 567 558 711 91 538 195 76 505 13 286 518 638 620 546 589 561 509 371 819 423 58 243 323 199 517 107 309 178 699 370 809 131 665 275 705 26 489 814 863 853 71 831 244 664 72 851 192 458 308 758 519 373 541 668 50 186 38 580 849 84 8 673 488 234 221 35 811 472 619 426 592 437 351 817 597 291 572 143 542 456 706 808 217 232 535 10 60 470 610 173 238 305 499 571 866 453 111 618 419 267 725 679 715 548 871 40 303 242 289 691 529 413 399 56 629 507 252 793 498 386 733 333 452 360 255 191 31 531 748 36 834 203 105 9 315 591 213 792 25 657 170 760 840 683 746 686 197 102 512 384 732 352 607 529 753 644 768 719 118 677 206 775 97 549 299 113 405 398 156 462 240 727 162 3 510 266 224 188 159 22 279 798 739 724 388 491 485 662 270 422 314 804 584 415 247 865 322 780 2 493 774 600 231 407 583 442 409 568 637 204 361 473 12 486 424 479 553 95 844 343 595 248 547 98 632 790 544 826 297 146 771 815 396 622 426 772 207 353 228 356 137 669 352 163 355 155 823 175 24 670 676 44 575 349 85 375 633 17 139 348 388 581 276 825 769 701 627 271 174 859 795 570 687 20 839 511 190 403 70 65 110 89 392 864 400 543 675 545 152 639 46 557 332 484 145 849 820 259 460 466 712 171 799 230 241 362 608 235 436 667 128 387 482 90 325 767 434 163 51 709 112 537 219 245 646 254 129 528 824 67 302 789 832 101 417 380 593 27 841 282 736 414 785 783 239 295 335 710 786 293 59 292 431 237 857 737 406 261 700 463 855 582 86 788 222 311 334 693 280 451 716 397 538 92 763 766 28 157 487 692 320 321 153 747 274 666 41 128 304 223 134 870 752 526 494
100
44 23 53 14 83 55 49 73 43 97 10 68 50 54 95 66 89 32 21 93 22 87 94 100 99 44 67 12 6 39 80 38 96 84 15 58 20 98 3 17 74 2 85 1 86 79 24 19 36 7 70 9 41 16 47 92 82 71 5 90 45 40 77 8 76 29 75 46 57 4 81 26 42 48 62 91 35 72 64 11 25 88 27 1 60 30 18 33 34 28 31 59 63 13 56 37 51 78 61 69
873
764 279 214 647 631 850 381 855 114 860 128 783 720 698 396 302 683 606 622 118 819 454 162 351 544 90 323 681 158 567 409 542 224 807 18 200 856 290 687 240 808 353 656 854 689 160 671 761 45 574 426 229 193 69 804 853 51 188 441 824 466 690 87 693 560 662 26 483 260 231 540 253 347 751 600 754 283 660 374 27 438 792 167 665 383 369 423 626 287 508 661 596 62 617 870 363 166 54 96 93 213 146 334 300 768 367 863 139 499 450 736 847 748 398 655 415 849 245 289 485 627 324 861 393 294 418 742 39 265 753 562 305 14 126 437 210 511 442 332 616 151 592 424 707 152 261 699 873 869 826 563 788 308 391 812 498 258 99 278 836 77 159 398 280 718 741 625 112 722 641 692 349 361 663 94 274 515 402 13 524 601 817 108 461 372 140 760 342 635 356 676 494 264 203 198 221 124 476 585 24 657 439 215 609 317 811 120 338 350 425 784 154 845 318 771 156 478 794 639 504 550 46 691 709 116 537 719 830 702 429 576 284 738 581 703 282 579 470 520 171 456 33 428 195 248 131 273 85 319 78 468 584 739 561 113 440 814 63 559 497 125 70 545 481 733 815 580 192 697 664 799 395 216 823 244 321 734 178 677 726 64 55 271 654 301 373 390 344 130 674 220 155 180 638 98 223 755 679 571 110 82 416 503 599 493 500 717 13 421 758 45 653 782 848 150 314 669 328 30 636 508 857 659 577 296 837 31 365 250 191 211 129 455 646 769 218 798 809 445 778 406 281 756 310 541 30 528 359 818 670 780 652 474 532 436 177 275 757 432 781 137 767 5 475 242 608 185 603 336 42 658 513 355 337 322 793 770 333 700 385 170 411 343 786 49 371 259 11 495 583 557 276 666 827 329 582 362 833 286 65 840 800 803 12 696 331 573 813 358 527 68 556 92 15 6 299 207 451 172 346 136 731 375 134 212 313 36 106 263 602 101 183 109 60 115 222 463 711 262 306 501 122 805 117 530 820 623 685 236 40 292 190 4 509 822 595 352 598 614 565 842 471 59 846 97 199 645 19 651 326 225 443 472 161 747 543 668 566 164 80 370 84 74 732 379 510 705 153 226 637 71 41 401 67 243 825 149 684 630 506 309 871 575 377 831 452 76 333 315 712 293 386 642 403 431 257 388 89 701 25 724 482 728 48 38 7 43 505 142 405 844 251 746 867 486 649 357 410 272 710 730 73 564 546 576 523 206 667 37 834 604 459 514 851 111 141 801 320 464 759 789 104 444 247 201 650 270 744 552 723 868 558 632 526 678 316 266 726 404 491 672 766 721 103 539 179 182 816 255 589 502 107 330 737 209 256 132 447 311 189 587 380 184 484 268 517 684 399 249 725 448 852 181 102 706 776 516 157 752 387 518 121 480 91 729 675 588 680 179 463 538 872 133 489 72 449 749 858 345 285 829 232 138 763 745 597 427 389 437 640 865 196 254 277 469 58 298 143 590 611 496 548 779 303 412 335 413 488 750 735 230 316 312 100 267 682 555 797 453 620 145 467 47 64 147 53 605 772 457 52 28 621 688 634 105 796 233 762 531 83 621 777 297 217 704 465 769 238 507 570 56 522 234 50 754 610 389 20 619 397 169 23 430 806 57 725 534 407 382 16 3 569 400 364 208 832 492 613 187 820 843 795 618 144 586 810 8 591 839 66 319 773 828 616 95 519 341 578 9 376 227 624 123 44 862 694 419 434 708 648 740 414 10 446 237 148 859 790 838 708 628 765 79 291 204 572 716 715 2 239 163 325 477 791 422 168 686 585 785 165 219 197 186 554 392 34 539 246 61 241 775 607 512 307 433 86 553 235 479 446 460 458 32 714 420 202 802 435 629 713 194 727 205 535 487 866 174 339 366 521 774 378 462 547 163 228 529 173 304 21 787 701 22 633 175 593 368 135 841 17 643 615 568 176 288 311 717 536 394 549 473 612 835
20
16 8 17 10 17 17 5 6 17 20 18 15 11 10 8 3 12 1 12 5
10
9 10 1 6 4 7 6 9 7 5
50
44 48 42 29 24 32 17 44 34 50 28 50 24 26 26 20 11 15 34 46 38 27 48 23 4 45 42 8 7 42 41 25 50 49 47 41 2 18 17 16 46 3 3 43 4 32 30 28 15 47
980
960 88 43 471 828 884 151 463 553 857 968 556 912 529 435 301 272 815 51 45 900 613 961 486 147 521 14 671 720 398 91 597 796 773 635 972 279 85 478 898 146 771 167 501 602 649 469 958 938 442 286 276 930 827 682 653 910 877 855 120 119 498 941 522 62 561 344 389 315 170 7 569 755 347 434 403 732 930 979 620 79 258 872 327 548 577 685 618 802 167 380 336 410 821 562 603 343 518 134 514 452 444 940 352 376 190 185 54 312 326 759 439 287 880 341 500 237 935 714 963 257 801 483 729 389 728 220 46 295 415 34 526 253 928 862 258 615 71 59 624 694 747 579 942 102 340 239 236 143 726 440 207 648 18 563 819 661 197 333 896 391 142 355 617 549 473 566 468 510 377 784 74 34 768 627 35 408 580 530 911 946 765 219 567 226 379 960 214 838 614 69 903 137 596 47 647 664 277 718 413 220 706 508 642 763 240 76 334 633 373 975 223 220 480 568 208 271 394 672 879 699 639 418 131 436 711 951 448 341 956 305 557 404 156 637 864 203 593 464 950 311 761 722 697 286 794 878 743 73 358 524 626 392 834 583 490 748 287 227 814 364 799 138 851 19 401 706 737 716 513 106 788 913 836 38 777 33 863 870 629 584 155 75 444 446 371 470 928 920 27 705 483 545 862 217 898 947 789 662 27 212 911 318 765 121 735 67 576 82 503 612 328 931 403 425 126 166 786 666 791 114 932 762 896 379 456 741 849 751 820 713 561 651 901 421 962 605 668 108 252 491 32 931 168 15 266 601 925 882 251 743 304 764 488 571 625 162 201 977 350 135 325 112 622 937 359 109 869 826 751 483 702 708 593 357 211 817 495 348 907 591 630 196 612 537 300 800 690 141 670 891 453 371 884 262 854 339 330 628 813 645 303 191 824 50 654 169 44 248 482 792 25 919 266 929 407 222 724 164 564 230 455 668 974 311 909 928 789 585 165 790 382 708 594 741 865 338 60 692 103 568 638 913 254 686 232 936 552 758 28 249 87 739 805 299 515 179 802 396 357 674 124 180 978 238 11 853 965 730 939 660 295 437 397 166 205 337 38 774 172 267 78 758 426 858 656 335 528 912 784 644 944 118 769 861 285 686 150 633 17 366 490 40 525 778 572 66 390 92 967 196 208 921 897 378 917 608 810 362 584 589 775 841 110 291 757 145 91 957 254 876 462 470 716 478 737 4 313 204 98 269 23 65 113 608 189 770 586 691 779 754 259 497 848 57 600 719 223 695 863 375 704 554 966 297 10 735 490 727 581 260 45 407 55 283 721 122 532 604 825 30 345 66 853 903 194 97 325 206 137 835 178 478 762 607 140 37 487 540 8 877 923 159 183 262 429 322 505 95 227 494 745 650 436 354 323 474 916 44 102 475 41 798 499 372 22 274 587 927 955 214 332 598 871 583 665 429 895 683 627 905 618 520 892 899 609 809 405 158 766 667 198 308 746 962 531 412 431 934 404 367 215 142 385 634 797 125 363 133 128 361 698 924 117 541 152 948 12 576 326 842 749 511 582 659 759 149 83 387 17 258 81 816 59 710 595 852 465 319 780 980 654 101 676 268 100 680 868 422 321 509 776 772 290 876 472 807 559 3 621 377 701 872 555 382 560 839 447 130 970 26 335 958 29 408 482 550 725 953 811 833 229 484 415 181 731 657 264 952 871 216 205 503 234 438 908 643 700 153 803 246 451 496 689 289 218 174 881 64 416 331 324 452 360 325 107 353 214 9 641 273 111 462 265 945 646 459 307 409 712 89 709 325 570 870 457 479 243 450 461 542 492 349 549 459 56 154 147 16 1 320 749 975 36 63 199 250 45 883 280 82 427 198 419 675 658 908 133 909 562 9 270 149 466 247 161 722 157 263 420 329 681 204 271 231 865 174 832 873 719 738 666 298 678 364 285 754 859 976 417 20 365 696 32 368 478 845 96 221 841 246 163 288 798 575 677 195 926 282 86 693 592 734 949 148 319 966 72 418 328 424 860 573 117 885 709 611 973 42 623 116 629 485 74 52 565 5 401 224 760 144 493 532 665 88 489 462 197 914 781 235 261 742 62 823 943 496 504 21 574 717 184 154 316 708 845 821 596 72 399 840 93 400 733 368 62 132 119 590 599 481 684 575 128 176 83 806 546 314 402 477 381 915 525 740 767 625 640 821 200 955 454 906 369 228 104 547 310 293 24
10
3 8 9 7 8 8 5 7 10 3
320
280 25 188 317 115 200 186 313 2 239 147 226 168 288 7 53 4 272 8 186 257 135 95 237 24 199 66 126 267 264 128 53 145 60 184 305 284 27 149 229 246 22 245 254 113 221 289 94 204 24 220 156 28 225 222 6 98 204 61 68 125 99 189 41 176 190 234 138 32 62 122 161 241 262 23 166 214 149 77 85 112 312 189 30 195 212 192 220 296 299 182 150 272 15 152 302 244 75 111 158 33 281 200 282 208 191 59 11 102 86 271 9 272 317 40 198 53 303 235 143 3 168 37 89 180 203 84 228 234 242 141 250 144 252 277 192 26 289 292 19 107 299 273 191 304 99 158 238 320 165 21 274 244 258 202 270 31 121 256 69 11 31 92 107 263 96 206 185 26 188 91 156 28 188 109 14 263 31 38 244 209 269 194 205 46 36 5 232 76 187 137 198 61 242 201 123 309 175 282 159 110 79 74 196 80 215 78 188 162 200 102 72 309 15 70 196 187 248 300 315 250 65 138 132 133 55 290 54 43 207 131 35 142 207 238 129 22 303 85 56 161 224 244 87 71 277 123 240 154 179 235 17 300 118 160 259 127 29 279 21 234 12 81 57 99 251 285 236 225 233 275 69 231 146 260 200 82 224 314 220 120 101 279 197 63 13 79 45 268 155 231 119 292 211 64 99 227 301 34 293 16 253 316 181 216 82 233 259 227 256 28 8 163 51 134 154 218 234 191 52
969
532 325 789 277 23 492 571 399 444 81 804 302 153 485 9 815 65 626 431 412 335 153 434 346 955 246 613 236 740 82 375 54 259 256 949 93 496 781 710 558 243 918 635 827 651 33 494 601 723 145 698 849 590 336 701 137 343 123 817 693 585 806 421 161 446 174 18 336 750 920 748 281 91 53 367 660 196 74 391 26 86 639 213 905 261 943 493 366 830 328 253 271 535 739 256 574 100 470 479 835 599 321 390 899 595 819 14 358 414 215 896 41 508 540 193 403 445 119 155 217 422 186 329 229 670 681 621 488 27 630 792 274 894 965 257 644 386 714 438 437 641 599 385 730 223 698 177 774 497 111 902 125 415 466 756 520 882 857 887 519 514 441 728 16 309 70 721 704 398 284 741 220 657 710 533 861 245 316 582 729 846 50 934 881 4 832 552 886 454 880 500 768 539 534 793 836 178 212 725 411 904 831 643 668 315 805 966 90 448 85 167 370 66 537 854 967 542 206 631 510 959 770 516 844 184 720 380 254 333 181 767 515 820 546 907 922 140 419 489 961 122 37 763 103 469 283 151 957 160 241 825 62 845 242 649 4 152 947 598 859 708 199 74 267 50 759 697 246 593 7 265 294 486 420 440 127 648 5 98 269 956 263 44 474 751 430 756 772 19 860 724 649 218 378 453 388 351 20 31 74 290 433 790 408 272 147 843 176 719 738 847 733 807 589 553 436 324 356 745 735 28 564 169 501 451 352 722 319 709 686 865 222 839 654 57 264 852 29 619 140 511 55 609 786 471 95 818 460 521 526 396 829 906 397 104 175 706 56 12 52 677 629 67 802 306 900 491 924 507 903 400 295 310 758 442 480 653 297 233 330 898 393 379 377 844 941 936 855 96 209 251 177 89 264 570 851 662 862 765 387 83 775 813 148 34 395 305 623 860 808 74 652 372 576 762 92 313 676 79 40 866 173 785 121 701 883 117 940 707 671 239 276 495 798 180 417 251 915 76 543 115 482 942 322 185 301 365 628 219 262 679 110 205 499 247 953 447 435 405 318 800 937 909 369 299 592 260 58 688 692 317 871 73 60 822 423 518 842 945 669 226 355 150 112 694 188 568 618 805 771 823 156 109 850 36 964 939 887 114 656 259 235 77 513 141 663 170 354 39 221 946 338 289 826 130 381 208 490 427 544 736 9 742 450 69 912 64 402 858 634 179 810 678 323 432 864 617 476 394 293 191 877 8 230 80 116 548 139 30 920 389 334 667 478 778 145 410 572 347 214 376 88 465 776 456 374 584 760 596 873 308 172 164 311 282 529 610 108 285 923 361 551 384 756 353 625 705 563 879 251 278 715 342 659 764 528 828 577 166 32 468 689 25 268 504 565 579 675 929 475 273 777 763 757 70 189 144 612 140 47 600 404 334 168 921 927 637 171 952 408 129 187 506 538 477 722 484 580 183 840 691 950 556 606 578 275 270 614 687 452 816 413 731 287 17 872 797 603 690 897 605 134 647 204 779 809 194 525 683 459 401 746 298 844 37 332 227 888 387 443 607 300 341 783 944 658 304 38 126 931 303 673 812 78 207 68 383 486 705 502 910 251 166 824 584 216 42 608 124 533 74 796 569 70 166 917 331 602 766 75 788 413 744 473 296 541 385 564 11 312 210 415 472 562 279 461 113 870 97 834 640 616 400 791 135 684 620 555 407 734 868 892 74 573 560 362 624 106 416 928 357 728 576 901 863 102 591 487 373 914 348 392 938 559 803 101 248 258 46 52 481 464 165 642 190 72 327 794 889 371 418 588 368 932 567 755 841 916 743 512 415 128 811 611 514 787 713 364 636 349 51 655 71 597 833 252 426 406 769 561 140 195 749 717 444 136 958 910 726 665 550 696 409 754 586 182 429 78 875 449 2 884 344 838 245 45 307 716 300 149 457 425 228 773 856 895 94 3 948 71 162 133 505 664 925 627 74 646 382 288 527 345 105 78 87 61 911 266 363 890 557 455 524 869 359 59 584 531 49 799 140 462 250 962 935 211 680 622 203 24 878 146 695 747 853 320 893 467 157 654 547 566 630 428 661 291 158 43 35 649 33 604 234 594 517 968 458 439 99 322 848 549 590 283 463 718 583 666 84 63 638 545 554 784 249 700 951 424 752 523 1 844 120 496 509 286 954 737 503 202 581 650 240 198 672 919 530 326 14
10
10 1 2 2 9 3 10 3 8 2
200
89 110 4 3 160 66 107 138 130 198 36 94 76 127 132 124 2 93 172 49 66 117 51 30 200 193 8 134 70 54 9 185 113 47 178 100 200 120 4 175 83 34 84 87 167 164 106 154 74 102 146 40 75 60 7 149 42 71 120 54 106 182 164 111 25 23 109 86 24 196 60 108 46 132 170 167 65 183 41 20 150 194 57 94 63 160 19 9 143 173 180 122 103 185 81 153 1 59 168 39 98 50 68 196 54 27 109 79 120 196 10 128 92 65 124 24 94 135 36 109 65 71 71 182 62 28 46 186 198 35 136 150 109 187 87 190 31 3 47 71 113 156 49 164 199 20 200 48 146 157 190 171 69 50 36 113 178 112 2 101 181 109 142 24 197 48 91 99 175 75 46 192 193 197 89 130 142 157 96 31 149 14 173 127 142 64 109 118 108 159 2 28 150 97 7 5 4 174 75 61
100
57 68 11 28 9 30 35 16 51 83 30 80 35 55 68 26 48 33 43 97 87 37 95 50 98 13 82 89 67 52 47 25 65 88 44 14 86 99 63 38 85 53 88 12 81 6 96 36 81 54 41 39 18 51 72 22 79 29 16 20 76 42 44 10 78 16 25 7 2 90 8 22 26 61 18 42 27 93 69 94 71 91 6 33 43 31 74 45 27 54 5 65 64 4 17 1 21 23 60 91
100
82 34 73 29 16 1 70 11 27 25 64 93 62 76 86 2 63 65 66 48 33 59 53 89 22 72 55 90 69 49 4 60 87 46 74 81 95 39 12 24 83 75 6 67 36 51 31 77 17 41 13 71 45 32 52 9 8 85 35 58 26 23 43 79 47 19 99 44 56 50 37 3 54 5 14 19 80 88 28 57 98 91 84 78 30 7 68 38 96 21 15 97 94 20 10 92 42 100 18 40
10
6 6 4 1 10 1 5 5 1 4
100
66 88 68 31 80 96 92 27 7 46 40 78 19 72 76 57 95 12 30 87 79 3 42 77 15 82 28 85 59 20 29 23 71 83 48 4 74 60 44 13 69 5 52 21 89 51 22 36 63 54 39 25 50 33 9 34 1 49 10 55 99 6 84 58 41 97 14 86 93 81 62 35 32 24 70 90 64 38 47 37 45 2 11 100 67 17 98 8 26 94 61 91 16 75 18 56 73 43 65 53
20
2 13 2 17 6 4 16 2 7 2 13 14 2 3 17 4 15 5 18 13
10
3 8 4 6 6 10 3 4 6 4
10
3 3 4 2 9 10 6 10 3 1
100
38 19 30 95 33 17 27 65 92 50 35 75 5 62 93 65 44 21 24 88 64 74 2 58 88 76 60 3 16 36 82 83 10 14 84 73 90 4 77 1 45 46 13 18 72 7 12 4 88 35 6 85 5 96 1 68 47 71 46 41 29 87 31 74 57 57 52 80 100 63 69 91 14 51 61 37 78 40 67 70 23 15 9 43 99 9 28 54 15 49 59 67 68 51 39 26 3 71 32 23
160
23 100 122 101 43 136 4 60 37 90 139 51 109 35 77 126 62 66 61 29 142 157 105 140 132 108 31 14 102 151 59 15 118 52 93 115 54 42 18 104 67 98 10 127 1 53 32 148 5 138 88 83 26 16 125 121 34 72 84 113 159 144 20 76 7 24 74 80 11 22 156 64 99 49 60 107 120 131 2 160 135 153 58 30 65 17 114 41 67 116 129 25 78 154 150 100 11 149 129 145 82 8 70 28 33 115 17 13 87 137 48 36 21 47 155 85 56 79 120 68 133 6 130 160 143 73 27 71 110 38 92 94 128 112 117 69 55 3 9 57 50 152 158 45 111 152 40 39 141 103 81 44 134 46 95 19 12 123 63 147
1000
619 25 495 233 955 405 979 782 729 11 737 316 255 244 598 180 871 947 708 48 816 846 865 70 2 335 67 995 617 948 751 768 625 58 970 16 838 442 717 573 531 913 880 788 499 954 144 20 581 769 96 119 1000 233 70 549 277 34 247 715 507 145 831 440 652 68 802 787 866 260 915 213 573 505 892 249 227 964 245 115 733 547 439 308 792 248 977 899 368 589 546 900 736 849 510 51 336 150 645 212 235 298 189 263 148 809 737 666 790 779 650 749 125 756 80 470 344 884 587 747 294 363 405 451 113 992 565 353 343 707 375 278 517 257 485 452 720 753 756 36 122 16 839 873 491 401 816 105 821 917 696 376 167 650 882 480 687 124 990 739 676 923 322 478 999 745 153 531 570 347 456 181 251 706 606 457 686 557 349 802 172 588 291 292 611 712 774 689 339 725 681 512 472 992 603 396 526 893 835 451 356 804 392 813 325 665 695 989 351 41 592 100 562 288 349 550 817 103 709 719 504 289 969 340 1000 369 634 544 357 885 985 426 132 306 650 820 851 828 362 642 861 997 654 14 932 823 716 86 76 81 880 365 836 169 13 950 236 721 40 719 629 524 104 494 762 554 824 814 905 577 214 490 146 938 337 513 57 748 287 951 901 27 409 854 390 460 279 102 227 825 183 184 659 334 569 326 968 427 398 765 272 519 648 650 992 101 942 84 514 981 281 604 489 618 320 12 533 811 453 315 520 163 844 40 205 296 492 553 657 159 26 571 971 815 417 251 275 718 189 791 542 914 129 251 883 672 170 630 404 674 209 574 128 748 465 201 229 179 640 670 612 239 422 916 252 174 504 730 226 570 515 956 582 699 131 652 605 560 443 701 317 165 756 461 395 319 653 451 667 285 860 628 873 592 385 196 940 299 401 273 587 740 776 849 450 73 760 962 283 266 649 952 627 194 963 554 254 794 912 45 726 107 939 607 898 232 745 808 221 67 712 986 430 859 21 786 644 934 654 887 843 38 179 563 165 145 595 203 566 452 230 368 503 780 727 171 176 961 195 286 384 841 548 667 440 655 658 541 508 116 837 634 538 673 45 536 767 164 516 156 922 24 895 690 214 389 443 801 429 440 215 534 621 439 3 622 45 807 459 294 735 992 81 932 74 832 61 469 614 95 886 192 276 309 371 479 324 960 302 321 27 746 568 262 489 410 225 567 966 450 681 236 592 585 126 476 864 558 910 335 121 341 936 228 766 91 82 463 56 216 486 797 328 540 590 683 178 735 735 378 870 852 444 775 554 449 528 523 295 150 332 600 958 352 873 946 270 847 894 770 464 659 416 635 492 94 836 427 166 350 594 783 716 591 447 706 876 15 102 572 998 881 777 312 377 175 424 845 21 618 273 625 987 509 872 806 29 486 1 868 313 521 856 906 622 45 413 677 261 587 917 559 688 869 584 37 697 734 858 359 684 240 855 185 99 233 967 303 123 477 406 777 387 937 466 933 329 467 832 189 781 358 702 443 206 681 908 888 417 360 983 465 474 974 327 161 236 136 742 685 243 771 694 641 680 177 157 633 188 484 693 55 472 739 207 151 928 932 374 231 863 663 925 931 732 739 130 19 219 203 932 45 348 98 60 297 39 656 411 944 213 710 763 122 190 421 455 382 9 433 193 705 366 136 941 93 1000 367 716 402 36 679 799 907 37 522 198 446 112 120 31 822 959 747 24 437 848 27 940 407 36 265 990 914 300 545 411 943 50 580 682 647 965 187 564 403 62 468 110 454 661 8 123 958 926 436 410 44 819 109 81 85 168 418 256 927 491 611 743 211 488 497 920 202 897 616 498 428 582 850 318 991 204 873 401 718 217 493 789 698 149 752 246 267 290 921 136 238 896 999 63 114 980 785 199 953 471 644 143 451 462 527 441 103 608 22 578 757 993 810 237 777 393 284 643 623 611 639 434 391 241 146 211 675 23 69 388 620 728 561 17 615 32 875 370 654 926 928 489 432 602 730 345 118 446 503 254 668 929 581 468 75 108 579 483 829 805 425 88 92 647 753 186 81 445 624 744 590 66 117 121 419 42 959 71 364 791 996 281 803 826 481 475 888 609 346 796 681 889 144 704 815 422 301 678 543 986 599 423 501 638 307 319 1000 800 576 18 30 783 556 280 494 636 46 660 372 911 257 797 518 458 408 415 750 773 529 908 160 223 35 333 982 910 994 978 698 87 975 7 833 310 972 671 875 838 999 613 554 208 114 812 506 964 430 28 918 242 601 349 517
10
5 1 1 1 1 1 5 1 1 1
10
7 6 2 5 7 10 4 9 4 8
231
130 67 208 2 215 111 227 177 84 7 139 175 37 72 78 74 15 63 151 215 137 6 137 204 203 168 17 90 212 115 56 50 66 83 177 63 124 191 132 19 67 164 29 214 63 98 106 106 79 6 125 188 18 174 206 140 69 213 78 186 203 125 3 157 220 30 166 197 57 34 146 26 187 75 1 161 26 216 95 215 110 56 68 86 56 142 183 162 220 16 24 31 134 145 58 109 111 46 79 32 207 154 173 208 52 221 200 65 106 96 97 53 212 41 25 94 66 18 162 87 126 3 86 228 209 149 43 142 64 97 133 63 197 109 78 62 23 119 95 144 196 78 94 161 219 159 99 198 202 34 40 57 33 219 34 76 24 76 12 91 21 212 214 42 137 163 195 151 209 123 125 100 209 38 212 210 20 177 156 223 16 73 60 88 142 22 10 178 160 65 186 28 72 173 108 103 38 17 94 30 218 126 165 130 80 55 27 63 171 129 229 119 120 166 216 215 99 194 17 156 23 140 143 91 218 28 188 67 144 131 20
51
34 5 29 7 42 35 38 49 12 19 33 14 31 37 45 24 10 1 9 8 13 23 6 41 22 20 35 26 11 16 17 50 28 40 32 15 39 18 21 49 32 25 44 3 30 2 4 36 8 27 47
165
11 100 47 133 112 8 148 105 62 91 162 57 11 150 87 67 58 4 147 22 137 37 152 89 24 149 154 145 55 109 131 130 78 12 128 73 64 52 159 69 116 117 66 165 92 93 136 118 157 85 116 105 91 154 137 89 7 47 52 157 55 125 104 22 52 123 161 86 16 15 30 111 76 82 136 142 15 107 103 146 64 38 154 131 131 112 77 20 43 15 159 133 1 2 55 69 77 40 51 45 143 130 35 90 14 89 91 153 18 123 61 73 21 19 21 26 91 112 142 157 128 107 51 126 18 131 107 54 34 110 14 1 2 154 103 45 29 54 73 87 62 118 55 13 115 133 48 56 25 131 138 80 65 46 123 129 111 64 126 125 16 83 78 154 46
320
286 54 144 61 217 111 46 288 10 103 17 48 72 301 199 319 263 289 15 127 107 29 320 64 193 228 275 60 23 75 253 148 205 306 154 196 306 172 13 95 250 257 146 43 78 309 31 47 243 261 114 229 271 319 45 152 288 97 111 310 130 22 181 273 77 121 222 66 134 269 233 152 185 218 93 36 167 88 128 159 95 52 204 291 267 224 290 157 151 117 4 120 274 160 126 246 215 65 133 288 2 47 37 113 313 190 169 277 155 64 186 115 268 262 223 105 86 137 287 129 139 236 254 61 161 147 38 264 13 162 266 153 216 279 277 200 95 144 261 214 29 96 146 30 236 32 303 180 209 205 142 307 279 41 84 301 286 169 59 296 243 101 147 232 97 90 57 189 58 111 36 198 267 8 51 44 119 91 119 125 143 52 291 122 257 164 32 211 220 9 80 294 282 172 209 116 146 168 102 275 226 214 258 184 175 123 128 304 14 42 53 228 53 67 276 306 109 247 163 248 191 239 84 223 235 231 281 106 94 259 204 292 66 169 214 60 308 268 201 150 61 264 36 69 7 240 206 98 107 15 269 17 314 265 230 200 18 274 299 154 260 315 140 247 191 281 92 272 298 234 176 38 182 70 300 89 118 24 55 130 128 75 222 31 150 318 104 119 108 140 244 131 66 210 62 297 138 110 233 7 256 89 295 252 8 85 308 212 91 208 211 120 188 230 107 159 97 166 149 210
571
81 326 393 58 455 331 31 35 376 8 142 139 269 522 146 271 42 320 467 294 32 569 345 234 47 382 182 564 243 51 385 553 487 241 423 396 221 11 437 502 19 415 195 278 347 300 267 183 520 220 531 248 424 536 263 10 80 277 55 157 177 129 348 213 458 308 24 206 481 329 133 505 148 115 456 172 96 471 357 282 9 295 87 76 409 113 22 432 144 209 565 247 207 160 340 310 136 571 173 143 270 83 525 395 560 198 473 496 562 500 304 332 89 389 90 227 414 254 431 125 98 62 363 511 397 477 465 179 486 57 223 441 311 547 150 2 507 140 158 523 374 91 29 377 251 313 333 75 245 336 535 37 95 105 314 386 60 468 93 524 50 155 449 208 342 59 275 101 519 503 527 237 516 341 346 545 451 230 20 214 30 25 180 257 229 236 534 475 438 411 404 461 112 242 151 218 380 422 264 216 291 204 130 543 168 303 249 408 261 6 200 555 378 137 174 211 546 14 364 152 433 44 429 499 45 541 421 515 127 430 163 109 551 358 350 186 539 420 532 548 462 194 100 435 73 544 77 258 296 413 540 480 321 513 111 298 266 69 391 281 74 82 166 199 17 138 330 483 235 319 426 353 521 405 561 552 4 379 189 66 445 488 440 141 416 399 284 119 344 175 401 492 120 288 550 489 65 526 165 49 233 117 390 255 335 106 457 280 36 1 472 246 110 448 85 537 419 372 205 360 351 201 27 293 256 97 191 250 52 114 307 116 286 118 497 373 259 244 228 309 508 171 317 23 260 290 485 63 253 13 239 529 381 495 41 370 197 67 394 124 33 554 484 439 273 452 327 222 482 559 272 7 135 384 366 388 164 302 339 442 567 509 192 126 318 48 403 162 528 68 400 334 369 212 104 153 268 79 285 510 464 147 444 566 542 328 224 494 299 181 190 252 375 156 232 402 39 301 568 383 337 226 506 53 219 16 417 28 466 446 463 187 21 556 338 501 469 387 476 225 279 398 434 132 289 134 459 203 412 371 479 406 84 512 5 563 359 176 159 343 238 34 154 215 185 570 474 12 196 56 78 368 107 131 425 46 504 315 514 231 443 3 450 72 283 122 361 26 447 517 103 533 530 86 354 557 558 217 38 549 262 92 312 287 145 470 64 322 40 193 184 202 392 61 71 99 352 362 169 188 240 305 18 94 170 297 167 323 121 454 410 349 54 292 453 88 428 316 43 123 306 276 493 418 325 365 518 498 15 436 491 274 161 178 210 70 108 427 367 128 478 265 149 538 407 356 324 460 102 355 490
1000
403 241 697 226 558 45 15 746 816 761 582 612 660 505 7 840 162 616 994 439 208 34 355 690 853 195 14 856 199 245 834 451 295 311 169 750 787 213 954 999 338 576 227 625 608 585 125 239 547 156 972 282 915 756 550 772 571 359 775 871 446 401 831 158 357 948 75 478 771 923 312 624 675 909 749 440 445 138 569 664 203 891 298 354 328 629 719 987 991 918 897 623 184 234 819 731 903 335 88 381 260 963 843 400 904 304 778 431 588 345 688 833 406 583 247 812 687 267 678 252 332 274 502 691 420 745 379 206 270 346 725 329 641 601 140 207 657 78 614 135 881 23 472 898 422 655 964 669 388 200 518 462 921 176 637 50 193 150 174 620 932 17 728 760 890 711 147 597 790 183 65 875 424 323 693 695 555 279 500 993 507 122 170 32 747 458 110 685 795 950 495 874 157 823 26 753 613 321 29 378 947 658 372 933 397 128 136 222 535 799 727 402 38 490 689 895 621 331 907 343 426 996 855 703 383 4 43 715 873 611 70 460 998 705 548 679 825 584 48 532 2 18 367 523 30 253 748 353 268 318 350 777 246 724 454 879 589 644 433 986 120 399 975 800 869 662 118 236 752 647 64 942 966 714 289 981 730 928 178 835 700 52 160 275 626 940 465 818 27 807 794 905 757 155 33 284 368 83 66 635 168 764 40 106 553 742 619 743 953 786 930 71 447 663 529 781 656 250 121 671 198 806 196 607 386 389 382 716 132 862 929 22 348 552 98 224 488 935 69 814 896 534 220 631 258 130 815 333 8 251 579 513 939 849 61 824 469 971 751 305 263 595 412 475 408 917 646 297 560 708 766 661 581 937 630 618 846 374 127 276 100 546 225 842 783 51 652 149 908 852 659 592 925 858 167 568 793 740 605 104 62 212 979 575 58 113 784 649 844 526 681 259 6 271 878 841 395 497 182 805 910 145 563 173 955 221 848 603 244 21 519 542 973 978 517 882 301 667 72 525 899 327 886 927 773 894 313 319 554 850 142 969 520 255 698 262 957 186 672 232 744 152 541 480 287 677 273 171 827 912 789 143 261 543 364 699 74 68 634 89 709 707 737 960 956 53 982 337 867 214 242 352 527 704 577 936 418 148 729 179 943 123 944 516 322 349 456 294 455 80 283 610 243 486 851 504 762 57 85 453 983 696 449 645 44 99 493 686 315 326 325 240 809 342 20 885 883 670 443 570 336 765 474 732 913 77 154 235 951 876 808 334 880 477 177 306 192 5 868 370 887 763 396 854 622 385 977 13 79 540 427 471 438 229 404 42 137 369 650 941 702 361 114 238 46 901 797 109 257 59 779 893 713 801 362 837 464 187 976 995 405 919 428 37 410 785 324 129 60 512 230 826 28 139 654 115 249 376 307 528 217 565 373 511 510 285 1000 473 86 293 344 916 821 479 101 41 351 172 330 838 133 830 316 813 524 604 508 720 514 481 945 387 803 615 146 317 290 435 643 392 73 586 314 296 872 864 931 609 108 538 320 459 769 572 190 802 466 119 780 961 55 407 924 997 188 411 117 111 215 476 124 309 175 712 892 718 3 962 849 920 706 76 598 303 566 701 482 211 429 759 166 694 593 574 93 487 863 617 87 648 49 845 828 254 131 911 436 163 499 277 96 544 870 710 906 281 202 494 768 398 914 537 308 461 126 209 185 363 219 36 990 269 642 339 181 54 47 980 35 164 10 668 562 302 84 371 811 739 673 796 774 56 902 425 839 791 754 107 442 437 365 859 492 889 606 310 734 836 12 633 776 468 792 291 189 770 587 231 210 264 594 676 653 299 423 134 414 551 533 228 767 116 946 340 180 9 968 288 95 989 485 959 194 356 237 665 531 723 847 421 63 866 112 31 280 810 596 741 103 16 416 384 888 409 722 377 829 639 699 450 515 390 25 564 223 636 958 394 782 970 884 509 717 666 590 832 489 559 265 733 218 926 430 432 375 992 81 415 256 67 141 680 934 861 536 788 561 557 1 165 82 900 798 300 216 341 91 144 441 467 967 39 97 94 292 205 965 506 692 988 726 470 545 922 522 632 366 90 602 498 153 628 496 683 159 391 444 985 197 105 738 161 204 578 735 419 638 949 865 286 580 272 501 503 651 573 201 984 938 674 549 417 393 463 556 974 457 857 822 484 539 413 102 640 736 11 24 817 452 860 358 591 380 491 360 599 567 434 248 758 877 483 521 682 92 278 151 191 820 347 755 721 530 19 600 804 684 233 266 627
100
51 28 99 91 44 97 24 59 68 49 95 82 31 56 73 96 41 47 80 72 43 97 56 95 21 49 18 51 86 54 58 56 80 66 18 45 23 24 36 92 17 81 17 39 36 78 18 86 29 23 80 99 23 30 89 23 11 59 94 45 47 15 40 98 36 94 2 78 80 78 95 36 95 94 50 94 54 46 51 51 23 86 93 86 46 29 91 68 61 5 98 78 22 59 24 30 87 91 3 26
50
48 21 13 37 23 10 9 25 7 6 17 37 3 23 11 40 11 42 24 40 43 12 31 19 8 3 33 1 43 10 23 42 27 48 2 32 12 1 30 20 33 49 21 12 41 6 41 1 42 23
200
37 171 120 5 178 11 33 119 145 34 58 106 47 157 74 93 42 89 90 115 70 87 100 61 106 174 159 58 140 8 23 45 83 142 161 67 176 71 5 91 23 126 15 75 135 158 58 115 32 118 29 19 135 84 35 74 142 163 108 107 135 77 136 11 78 89 186 178 57 11 51 178 134 100 68 4 42 27 40 21 95 8 50 149 49 196 186 10 73 6 59 110 162 163 99 145 26 103 10 121 27 158 9 131 70 107 68 69 172 183 119 37 163 38 132 15 196 194 186 75 156 50 13 67 136 195 67 164 52 194 164 36 177 101 144 105 164 25 161 21 108 121 184 146 103 152 129 8 157 80 127 200 52 119 11 173 130 117 90 180 124 178 56 130 100 179 108 143 23 98 127 106 89 190 194 68 130 62 189 50 108 84 32 139 80 108 43 172 173 80 91 158 20 26 157 166 52 183 192 101
50
20 45 48 7 9 28 23 22 32 19 37 17 41 21 49 50 13 43 7 14 6 46 27 10 20 31 35 18 44 37 34 39 8 2 38 20 5 24 3 30 29 31 25 33 50 13 4 11 26 15
51
9 29 50 14 6 35 31 47 18 8 36 17 2 21 20 24 10 40 41 25 30 26 49 12 45 19 7 27 16 3 4 15 28 5 11 47 44 37 32 42 39 48 13 1 48 22 8 20 51 33 34
20
13 20 8 6 3 8 10 5 16 8 7 10 20 18 6 18 3 11 7 2
20
18 18 6 16 14 14 4 1 19 2 5 11 2 10 12 15 6 11 2 7
10
10 8 9 6 9 7 4 2 1 1
10
7 1 6 3 7 8 10 5 7 8
101
30 86 8 69 25 52 10 57 17 15 101 91 90 18 61 54 78 70 16 3 51 88 46 65 20 36 46 24 61 26 41 89 87 92 65 2 94 62 38 99 32 84 60 96 7 23 13 50 77 95 85 81 100 100 11 33 48 49 42 97 22 71 59 5 6 40 88 17 79 43 21 34 1 62 76 58 82 12 14 88 73 39 67 56 34 93 19 64 45 31 75 4 9 28 44 55 66 37 47 98 27
996
144 626 116 171 392 652 433 363 426 487 400 403 670 572 109 177 668 354 731 325 215 672 796 83 495 417 169 210 780 415 484 427 726 225 379 116 157 875 952 375 358 95 696 947 269 969 586 359 130 431 810 494 534 9 756 21 81 413 658 563 853 7 54 450 307 509 939 499 277 474 675 402 159 571 838 668 155 929 884 695 919 429 177 19 649 118 857 787 193 265 211 148 941 60 808 803 138 644 216 152 911 618 558 676 915 230 761 554 473 519 358 448 144 983 289 730 886 13 784 723 539 49 678 504 435 438 574 822 316 778 120 69 567 962 207 331 574 851 412 169 396 543 703 255 927 244 437 52 213 71 841 527 388 101 765 786 866 350 776 390 835 25 967 789 223 839 550 597 136 686 389 832 92 204 913 634 409 702 717 127 662 188 286 617 273 661 945 154 89 593 542 76 830 456 953 257 51 606 236 332 120 282 77 75 797 692 331 654 600 766 306 96 71 768 173 157 417 55 205 305 155 876 531 492 446 520 958 121 212 23 908 977 170 618 552 683 15 548 6 76 825 572 566 145 777 128 646 530 751 543 992 683 594 660 249 4 139 259 12 776 935 48 424 193 673 245 802 20 957 588 22 105 982 123 938 55 980 419 960 912 624 917 937 656 885 716 318 227 993 460 85 950 802 982 345 782 557 630 648 407 848 820 589 411 749 819 5 491 595 507 754 336 929 855 594 786 621 132 520 575 453 963 294 784 892 45 46 752 178 181 207 951 43 954 555 986 7 148 295 674 498 369 538 577 189 516 16 331 72 267 226 8 638 572 618 727 877 155 208 897 523 842 560 251 73 161 956 779 500 457 518 115 496 389 845 959 747 280 117 466 555 233 456 736 310 970 89 243 772 635 601 464 690 691 647 791 910 889 521 481 477 920 339 718 154 745 176 580 320 230 214 921 898 924 346 11 738 336 814 776 632 979 219 423 391 9 209 771 641 581 455 90 394 792 482 694 72 177 556 977 371 891 142 955 199 711 342 899 172 628 901 397 860 861 592 566 660 211 926 162 472 934 76 510 466 432 978 368 340 30 479 444 608 525 17 155 465 869 327 599 512 898 975 426 880 382 321 376 192 596 190 478 854 616 782 748 332 840 806 378 453 676 898 231 278 682 217 784 274 464 612 650 237 950 196 700 964 70 462 599 459 390 414 248 976 421 241 284 819 7 790 9 433 270 902 311 322 874 718 604 176 970 382 636 733 803 561 326 67 625 468 298 518 837 666 353 534 583 695 544 475 461 881 901 708 756 276 315 597 849 984 961 222 650 160 852 828 181 104 39 153 339 285 835 639 28 644 514 513 922 749 485 103 315 568 559 510 414 879 973 468 540 206 352 93 836 454 800 281 27 360 528 712 29 815 131 775 605 511 769 341 308 333 49 490 680 889 97 66 809 441 971 505 176 161 50 439 141 781 857 395 854 68 663 945 275 793 681 99 574 809 482 875 816 686 968 381 393 278 2 734 428 385 447 821 896 960 17 64 713 35 129 265 981 416 706 898 900 919 549 763 364 841 301 701 655 891 190 532 610 470 536 283 727 922 905 132 285 287 408 182 108 247 274 631 848 651 329 695 68 98 135 166 951 313 107 179 354 718 44 894 86 758 630 132 744 642 584 487 263 736 247 953 309 380 258 441 261 270 179 689 543 526 774 755 302 618 182 565 404 772 401 63 907 634 566 60 615 753 422 357 325 133 834 844 210 585 629 591 789 715 751 542 202 502 197 399 728 452 296 821 296 440 933 70 508 304 944 547 79 286 759 562 528 262 891 606 171 204 807 149 105 933 85 312 290 248 61 630 116 928 590 314 720 902 442 425 841 406 152 32 878 859 367 607 56 713 813 743 56 453 254 137 38 161 163 308 684 375 34 489 499 124 235 811 247 19 301 114 882 234 621 61 506 798 33 943 557 253 944 887 888 280 42 330 469 962 524 667 767 220 710 270 930 303 814 602 425 1 620 669 853 8 300 671 398 246 664 143 809 796 603 373 948 116 517 640 613 484 175 186 365 873 178 172 71 82 940 356 488 94 637 862 81 105 53 185 114 164 623 893 210 867 581 228 949 112 537 655 979 805 316 803 864 936 867 187 975 619 614 804 84 287 158 211 98 253 746 766 882 106 585 966 924 856 915 410 799 542 707 673 722 996 546 842 204 611 84 824 653 317 399 783 180 829 168 909 434 974 721 372 147 65 443 426 762 554 995 181 495 888 515 304 420 184 931
200
39 83 175 50 77 62 87 115 167 183 131 82 78 84 11 131 50 79 2 40 16 95 18 94 105 14 165 128 10 54 79 177 66 4 90 192 13 41 80 152 175 151 188 124 11 135 96 185 36 197 101 4 141 64 73 156 141 38 43 16 188 146 95 15 23 27 70 104 53 144 197 145 99 43 13 195 165 67 136 35 54 198 74 110 123 199 66 22 199 9 29 123 182 55 106 169 4 76 182 123 56 63 115 74 42 44 11 61 136 186 119 157 105 184 124 187 52 152 178 124 156 12 125 137 28 162 36 197 48 175 45 168 7 77 196 55 31 125 67 117 75 94 185 166 197 182 23 200 152 114 25 34 170 74 126 74 39 32 147 175 54 189 44 14 103 188 148 106 147 23 195 134 68 42 141 81 27 118 114 130 16 73 200 107 104 185 46 186 107 183 22 183 47 25 21 64 4 124 185 139
53
15 11 10 21 2 14 46 32 12 42 33 53 18 28 31 48 48 26 20 40 17 34 7 9 51 1 45 22 13 19 36 20 43 52 30 16 47 3 40 8 23 52 35 4 29 49 38 31 39 6 41 42 44
873
123 644 675 266 268 731 424 381 13 524 78 208 312 680 486 290 547 462 138 714 764 63 630 132 537 496 371 402 271 248 126 549 362 456 31 309 827 124 278 542 458 659 784 250 668 204 348 704 758 246 867 486 185 522 23 530 793 256 669 461 508 656 327 1 822 102 69 771 290 676 388 22 380 366 393 421 563 341 355 569 397 141 528 593 329 674 385 851 453 373 679 443 686 315 225 454 789 38 604 584 831 637 264 226 220 666 484 737 283 455 287 667 228 684 238 52 80 688 86 662 449 661 707 60 255 723 742 104 420 183 816 655 193 650 32 65 642 592 833 738 115 694 121 24 832 281 733 810 783 28 360 267 697 122 870 586 740 491 585 378 357 527 477 665 788 558 657 718 461 502 773 320 407 641 426 11 47 837 695 511 589 545 846 319 200 117 36 782 73 131 48 128 10 334 532 387 294 741 365 178 634 285 498 44 673 696 838 67 257 849 785 135 512 275 872 748 629 470 794 847 156 709 691 610 507 437 286 495 678 345 318 559 702 429 575 769 414 258 446 33 314 775 97 344 222 209 211 43 166 618 568 698 394 840 436 112 431 823 754 17 359 214 160 399 478 391 176 364 836 242 631 233 252 6 161 445 412 342 369 711 199 365 660 202 501 203 106 277 855 76 809 224 621 734 469 850 154 427 207 253 708 475 346 526 151 245 492 866 744 235 516 649 79 829 322 25 566 356 187 262 546 392 419 435 249 313 296 401 325 623 425 515 627 181 306 241 336 231 520 83 440 767 107 471 834 218 715 613 418 597 383 635 606 265 111 42 761 843 82 433 172 276 157 384 628 15 27 81 854 803 338 600 56 830 273 340 493 817 844 298 317 774 791 756 798 110 856 416 390 485 239 582 565 826 153 468 105 144 102 103 603 534 628 213 139 611 367 720 379 323 105 61 76 519 328 354 195 570 337 247 813 550 116 137 148 300 162 763 807 3 368 865 12 670 599 706 636 467 842 521 766 179 472 671 95 240 14 303 304 376 712 622 710 125 729 560 646 87 68 64 4 612 716 579 45 108 405 403 164 835 94 101 77 647 753 639 564 539 146 652 536 21 648 538 653 435 100 479 411 681 441 155 310 514 305 409 130 186 601 308 410 227 531 19 5 663 70 571 487 66 109 408 59 349 142 858 552 269 685 632 189 828 625 292 591 588 569 361 583 190 503 481 581 288 413 143 576 92 757 464 749 852 159 595 544 91 476 664 93 55 4 237 658 191 351 16 765 129 786 529 272 262 525 503 597 504 324 50 559 700 460 30 197 432 217 301 760 540 18 438 400 74 848 633 261 647 643 845 824 750 562 743 184 158 632 316 212 422 772 457 523 363 638 404 466 607 792 862 713 125 651 489 799 133 173 590 868 573 864 717 188 474 531 497 505 730 654 145 620 136 423 752 617 555 372 270 311 683 677 510 96 811 557 747 171 554 414 289 699 39 480 389 746 377 857 859 745 169 577 415 722 326 796 520 780 149 779 396 37 447 637 284 223 358 71 574 703 805 533 506 609 451 473 802 672 206 787 182 395 90 821 194 705 406 234 860 624 89 347 756 615 726 596 295 254 594 494 535 98 274 7 863 434 551 808 693 640 291 759 299 444 244 465 517 398 687 343 58 321 293 819 165 565 331 518 386 168 9 513 645 616 374 790 452 804 330 614 682 243 725 701 375 282 219 605 108 75 541 2 170 825 719 454 490 499 482 768 251 587 428 500 382 29 40 85 736 307 721 735 263 871 602 801 459 556 751 442 333 114 216 57 430 724 201 483 770 439 113 49 51 339 232 147 748 352 152 755 118 150 34 20 795 215 236 543 450 804 619 120 26 732 567 778 280 728 54 689 841 84 230 397 46 869 578 727 279 598 302 448 35 800 572 839 221 163 350 873 488 762 562 99 626 72 853 818 62 370 205 174 353 119 781 229 553 335 548 167 820 196 8 812 192 861
59
21 4 41 32 17 9 18 47 57 27 36 30 45 53 3 5 12 7 44 38 8 58 56 1 54 53 17 48 2 52 43 46 20 55 15 28 36 37 24 28 21 18 33 31 34 40 41 11 39 29 10 23 16 6 49 51 35 7 50
10
5 10 5 1 10 9 3 4 1 9
320
14 211 58 194 188 76 133 208 190 229 38 123 238 253 84 7 22 74 249 212 291 32 69 12 129 70 111 167 259 174 105 2 112 252 7 96 66 252 189 214 171 54 243 186 249 45 305 53 12 268 107 196 246 43 98 177 67 247 73 282 238 92 267 274 232 306 51 149 267 100 51 162 210 100 182 107 141 21 53 18 202 151 155 197 158 29 261 294 143 152 157 248 123 43 320 270 165 290 90 26 189 148 190 155 42 306 156 129 32 265 251 272 89 134 96 28 14 221 54 160 208 91 280 59 316 35 41 130 278 64 199 246 264 39 47 253 1 97 318 280 140 65 62 300 312 299 15 9 132 160 20 223 143 79 22 31 147 285 65 210 69 318 156 111 124 307 111 140 113 262 4 56 180 193 86 216 78 249 156 27 177 97 306 1 80 141 201 49 172 140 175 193 174 291 282 204 196 289 214 311 244 137 147 122 192 226 120 288 269 275 319 151 170 191 279 184 72 131 245 75 17 271 153 142 217 295 55 154 223 228 34 69 217 306 199 273 107 200 286 235 131 209 51 168 94 226 3 99 225 314 81 299 27 239 35 87 174 138 286 181 214 37 262 241 139 210 161 284 95 114 243 112 102 47 258 203 1 129 163 282 267 313 96 33 278 235 142 221 119 138 134 49 140 14 238 1 23 84 95 144 115 3 56 137 278 284 57 251 184 46 154 224 236 137 286 207 95 310 208 288
10
7 10 6 1 3 4 1 7 7 1
100
43 79 63 20 1 35 12 55 92 52 33 6 62 70 2 10 18 7 75 73 42 13 36 56 100 97 74 90 71 67 61 9 83 32 53 57 77 22 23 99 54 21 31 39 93 76 41 72 4 3 37 47 16 51 38 58 26 84 88 21 30 60 64 89 29 14 94 15 45 95 8 34 82 78 80 85 87 91 11 86 98 44 19 25 49 96 48 40 59 69 68 27 24 46 5 65 17 66 28 81
101
3 31 1 30 65 39 38 78 79 68 83 7 58 26 87 47 89 100 15 84 73 14 24 46 61 69 52 96 72 8 98 71 16 99 28 13 9 93 32 49 54 77 11 34 6 75 57 51 90 45 26 21 23 4 92 88 5 76 61 10 74 19 29 59 27 89 33 19 55 1 81 97 86 33 101 63 95 37 2 81 82 18 56 44 22 53 50 20 42 91 41 64 60 86 1 36 66 12 35 85 43
1000
700 274 159 914 81 889 533 694 439 654 433 772 521 54 246 105 384 544 366 345 347 76 102 239 963 138 828 508 297 218 742 354 942 369 810 348 61 439 124 824 977 587 969 950 519 311 557 740 906 746 579 68 881 371 962 264 55 156 247 149 752 161 704 170 26 218 109 273 399 748 368 110 164 169 908 535 209 56 886 829 99 634 455 647 381 138 315 924 333 819 164 717 1 822 564 170 331 765 518 292 263 92 844 602 540 96 918 879 291 267 356 504 970 954 762 661 896 133 467 93 967 457 893 244 509 530 823 484 823 142 757 996 794 623 601 481 125 931 469 578 126 711 496 909 272 220 210 472 794 710 799 291 989 303 647 824 81 369 129 31 887 694 271 771 584 413 600 956 859 392 83 13 116 388 173 411 289 506 717 888 654 52 819 819 58 358 271 193 766 260 881 244 813 118 566 611 666 748 562 193 967 514 485 577 359 78 767 936 309 8 474 219 165 565 197 816 938 726 340 949 980 649 868 133 452 401 320 752 90 492 125 717 168 356 387 16 496 196 989 12 905 993 348 3 455 92 801 905 222 754 525 641 208 424 464 165 14 969 982 38 410 87 475 939 944 207 449 896 426 891 863 937 164 677 707 837 610 604 336 717 510 47 739 338 121 973 773 928 202 967 92 110 204 371 595 11 378 107 207 493 700 847 329 209 252 627 8 667 325 443 896 713 47 763 344 358 153 805 368 630 740 447 172 677 664 171 765 464 424 828 48 190 162 158 177 538 410 718 961 445 547 268 150 432 608 942 853 804 489 52 515 527 114 103 839 185 332 152 485 961 1000 721 941 932 442 954 691 718 801 701 563 266 87 8 181 211 286 184 782 359 237 581 547 261 729 220 899 671 632 378 419 307 64 790 854 440 245 383 329 96 516 395 895 32 165 778 518 967 710 553 70 640 633 152 432 680 421 664 961 303 975 39 230 655 982 332 683 22 309 278 793 501 758 259 397 451 242 374 126 756 932 399 533 919 677 983 496 155 459 761 349 702 784 57 118 122 931 587 882 873 601 186 377 961 390 247 193 280 77 14 571 982 357 132 685 245 889 555 69 388 953 656 470 431 257 178 617 687 463 236 509 253 40 302 686 501 407 584 138 911 830 765 19 662 98 595 610 62 633 845 225 966 453 511 914 884 603 270 707 339 788 987 702 521 280 95 128 657 394 922 79 550 708 926 738 508 407 634 634 809 277 951 593 950 55 212 899 642 580 611 906 326 798 116 22 439 870 888 422 243 395 162 285 208 116 382 725 445 200 905 575 623 242 774 50 611 135 485 132 359 963 967 124 605 298 787 98 795 388 299 304 316 929 527 146 26 351 909 310 922 512 745 244 85 481 843 499 714 897 195 457 873 773 589 935 939 794 345 762 878 356 635 441 535 134 902 162 578 512 245 534 904 525 280 321 133 754 116 316 560 732 142 53 284 225 186 184 581 91 154 974 392 330 815 937 1 630 957 251 788 863 328 492 589 938 150 736 990 943 153 280 225 973 668 36 711 675 97 710 330 31 747 233 179 337 921 280 439 357 782 338 482 541 905 515 940 900 690 169 525 763 546 922 574 170 111 190 520 52 30 614 458 130 882 673 307 703 474 163 990 987 355 139 835 317 550 577 878 487 584 908 882 131 212 181 708 953 821 640 806 636 969 864 193 19 599 809 676 363 653 469 832 890 31 566 803 613 88 897 296 735 764 236 690 968 479 338 333 313 663 989 664 492 33 694 662 852 949 388 455 894 327 994 323 803 72 368 878 288 325 160 336 479 646 242 74 925 738 492 633 702 711 54 644 381 799 866 131 742 115 768 477 822 816 890 286 56 320 595 420 581 944 110 221 116 589 891 588 59 954 254 895 750 94 701 666 828 378 689 35 22 204 785 799 993 503 537 698 196 503 842 18 270 198 130 894 617 198 773 413 776 237 734 916 359 215 550 125 250 25 607 314 359 928 586 93 50 90 109 298 96 495 490 549 254 501 802 377 347 948 725 297 992 95 704 931 598 814 390 312 738 995 599 827 45 210 901 969 645 266 834 449 528 300 84 922 738 797 826 663 952 170 470 268 532 531 421 314 147 618 39 557 822 2 86 793 563 682 898 575 729 273 127 640 153 622 401 416 718 863 908 930 733 102 956 640 330 974 781 696 842 409 391 624 9 483 176 396 654 155 24 716 611 644 25 597 62 107 423 253 156 347 608 465 27 397 411 477 171 349 741 722 352 971 85 594 534 161 473 553
10
4 6 10 8 3 7 6 3 7 8
3
2 3 1
1000
281 646 534 572 366 694 60 711 425 977 873 277 463 5 688 310 562 546 376 680 786 676 932 419 647 208 747 619 830 12 674 227 155 494 143 460 329 218 67 370 654 18 492 697 734 259 602 365 287 846 516 638 326 111 469 743 226 693 610 474 692 82 286 986 389 662 116 540 668 782 874 35 225 184 48 991 484 593 202 872 696 985 836 866 944 483 490 738 262 150 611 768 845 636 963 997 418 335 987 553 34 203 704 948 117 613 137 947 857 541 998 353 387 396 580 663 532 708 235 964 895 38 362 472 189 535 475 296 237 346 648 887 390 649 442 81 112 522 252 139 56 140 342 103 358 68 10 714 862 108 97 819 664 27 571 55 289 49 876 347 13 865 719 105 488 457 258 141 432 983 938 912 444 64 229 796 58 687 416 749 153 79 378 1000 900 413 110 109 909 586 924 292 275 191 623 507 247 739 430 144 415 127 104 521 51 308 343 482 175 502 452 331 359 797 8 491 539 217 725 877 409 702 875 351 700 480 961 618 686 187 1 479 945 820 861 75 657 392 131 212 867 19 339 673 911 435 53 437 957 628 74 789 847 984 272 47 7 456 92 206 675 642 967 730 210 937 138 360 588 268 545 149 781 306 380 349 381 315 309 372 559 485 528 617 422 815 544 100 879 71 46 420 290 106 391 39 520 606 941 906 573 775 32 239 742 645 350 550 809 98 667 177 772 683 971 263 43 467 96 659 448 86 712 164 132 367 363 718 256 513 147 633 736 316 943 504 935 209 371 578 3 885 698 953 556 882 408 979 999 314 221 792 274 839 970 9 234 806 325 374 640 118 319 969 17 684 24 761 810 898 592 555 740 311 575 622 241 44 763 699 510 500 923 851 113 305 260 62 348 497 245 368 974 322 940 487 468 902 461 204 151 989 582 615 377 892 600 508 928 168 908 125 243 87 417 130 915 23 896 161 6 703 778 685 523 41 69 741 295 515 783 182 493 421 185 777 31 509 842 152 745 267 22 929 518 265 812 156 403 288 558 478 284 464 942 529 2 20 759 459 560 180 973 773 93 691 609 503 386 471 57 473 450 321 330 811 868 770 764 250 758 962 543 40 393 511 996 677 178 813 307 716 172 631 776 536 52 658 205 388 831 320 101 799 878 160 860 695 723 554 780 835 917 916 966 581 891 665 186 641 853 254 599 95 671 338 760 837 769 728 762 567 498 733 426 666 856 270 727 598 921 357 405 65 73 669 690 399 297 280 798 825 455 352 732 574 818 843 238 223 398 793 278 672 404 568 889 157 423 531 547 824 993 717 407 744 914 854 794 216 561 406 869 228 904 77 401 905 382 21 587 722 440 354 220 91 886 826 33 552 129 300 470 724 871 183 834 135 950 828 644 899 939 910 720 595 530 980 179 80 858 375 167 133 855 214 784 713 774 721 565 255 174 823 791 215 158 594 298 880 446 605 757 930 901 852 670 266 83 447 913 30 232 369 579 960 394 90 639 607 54 283 433 557 45 884 527 995 128 119 251 679 323 337 465 303 788 832 577 102 715 486 383 635 767 66 273 549 194 126 176 428 620 120 907 933 333 748 596 756 802 198 934 476 59 429 124 451 975 197 955 304 643 293 142 959 863 301 859 805 661 312 242 627 76 927 88 302 454 15 569 11 224 656 840 919 629 29 236 570 199 400 412 211 726 750 441 373 230 894 706 445 148 334 291 870 414 976 196 563 344 170 26 434 122 634 271 427 240 903 982 336 213 28 85 958 107 253 145 443 729 526 345 193 501 248 584 14 710 936 294 790 424 630 477 282 318 978 207 257 689 70 123 766 614 652 192 753 171 395 992 814 384 765 163 795 787 499 190 827 822 222 751 655 165 121 4 244 949 299 800 146 988 821 925 965 931 233 313 705 608 816 84 771 201 754 264 276 512 63 624 808 25 735 952 701 616 583 651 591 114 42 621 893 364 37 436 328 841 803 807 603 637 926 438 888 231 78 779 755 385 327 533 707 162 495 285 397 355 833 453 883 585 918 576 449 801 954 466 951 981 551 489 324 166 525 505 173 632 564 261 524 731 604 169 752 590 566 972 99 517 402 804 681 249 332 968 279 844 136 94 379 838 650 920 922 496 956 653 410 411 188 785 548 481 246 462 159 514 817 36 538 154 625 746 589 72 829 890 431 50 626 737 660 356 678 990 601 181 946 16 361 537 597 317 134 115 195 200 269 506 341 849 848 881 458 89 519 612 897 61 709 219 542 864 850 439 340 682 994
20
16 18 16 18 17 13 20 17 8 8 12 2 17 19 20 17 3 8 11 17
200
10 173 71 200 124 182 146 57 14 57 35 19 43 197 40 170 167 26 23 7 74 85 22 120 121 158 83 150 99 76 11 43 4 140 63 195 149 82 166 103 19 35 103 61 79 149 122 34 77 109 137 108 171 2 111 139 125 85 31 166 192 15 155 79 134 50 16 145 35 92 36 48 57 118 63 147 171 34 143 144 199 88 107 140 185 27 133 98 26 170 35 132 105 137 142 174 182 149 19 132 3 133 76 128 52 41 28 28 126 27 136 178 176 43 198 163 6 69 91 36 189 132 46 133 82 91 113 73 43 83 90 27 53 124 73 164 90 185 143 100 66 135 22 176 14 49 98 64 101 177 187 53 105 114 106 24 115 153 26 17 157 9 155 163 131 89 187 76 70 19 46 70 10 193 129 194 45 180 65 160 173 196 95 36 81 149 181 136 70 183 57 89 125 142 129 26 178 96 10 170
53
48 34 36 26 9 42 33 51 14 46 19 18 16 52 4 22 25 2 38 7 1 37 10 23 15 47 8 27 6 5 24 21 29 12 13 31 28 35 17 47 30 51 50 2 41 49 26 53 18 20 28 44 40
144
28 78 134 55 107 73 140 103 77 101 39 53 90 60 3 41 25 114 6 97 15 17 9 86 102 142 21 58 95 85 6 122 111 38 140 126 15 135 118 90 144 135 36 49 1 131 50 124 138 47 121 10 100 34 45 124 63 61 101 69 33 125 93 17 86 124 27 96 60 20 139 69 31 103 89 132 13 49 120 49 123 87 8 131 2 24 117 129 112 40 116 105 23 100 127 68 108 11 31 94 35 132 120 14 57 50 95 43 48 16 106 30 64 32 128 67 72 110 8 74 120 70 136 59 62 36 95 133 54 92 85 76 26 7 42 104 37 76 19 7 18 42 82 12
20
11 20 17 11 10 19 4 20 13 11 13 10 6 3 5 14 12 13 4 5
572
384 493 300 99 174 171 414 220 203 192 176 59 276 328 83 356 319 74 166 412 167 541 37 529 400 494 424 462 158 97 48 422 238 196 547 419 540 224 523 34 503 282 231 339 514 116 245 288 132 383 212 303 61 291 530 78 164 14 218 531 553 40 468 472 568 543 233 552 343 295 569 388 285 170 501 486 313 405 226 428 181 207 446 323 519 47 88 153 498 8 208 451 572 294 219 375 30 362 80 477 114 27 128 379 9 139 223 221 29 262 222 129 292 214 122 156 373 51 562 492 269 7 254 450 242 326 311 98 58 204 298 36 68 195 146 60 148 172 307 342 511 366 272 456 533 46 426 66 210 84 39 91 141 411 334 527 43 318 173 301 178 199 113 57 297 329 243 120 205 431 118 393 246 41 278 253 336 310 459 361 198 475 526 445 109 289 471 325 335 436 448 420 92 407 225 62 239 249 190 147 353 155 248 11 466 347 354 44 20 131 348 6 544 341 399 50 430 441 186 555 392 458 107 376 306 65 154 345 539 69 157 327 67 370 338 296 123 369 267 433 571 513 255 510 277 159 357 256 409 112 161 305 556 87 351 534 149 452 168 360 455 309 359 281 332 549 495 115 206 551 3 175 406 470 103 135 16 364 26 263 105 557 76 133 368 496 374 322 570 439 260 545 525 489 524 197 483 274 35 93 507 506 312 485 403 81 5 191 299 315 108 52 469 537 380 138 94 150 177 228 340 279 499 454 528 126 330 63 17 215 542 77 266 434 251 19 10 442 518 265 163 90 257 32 70 130 244 252 79 169 378 396 140 142 200 321 391 117 280 241 535 536 71 4 54 82 333 509 504 234 349 460 352 111 96 188 240 21 398 189 358 124 473 515 72 2 232 410 193 413 151 127 386 444 482 538 478 521 497 423 136 145 429 217 438 561 1 213 134 270 331 209 565 125 258 457 18 397 179 491 467 425 25 453 474 484 461 548 389 355 162 259 53 465 377 435 517 440 290 365 55 447 250 394 275 15 559 308 304 264 211 293 522 500 287 320 416 372 520 558 516 31 42 143 202 350 344 283 86 230 45 64 216 421 33 121 505 381 390 89 363 85 237 404 449 443 95 160 317 284 337 185 316 28 560 104 387 480 432 418 273 23 106 302 100 182 502 201 73 476 165 550 268 227 194 101 152 314 24 49 286 102 247 566 22 417 13 38 395 12 401 415 567 382 512 546 437 324 229 488 183 187 137 408 564 184 463 464 367 371 385 563 532 346 508 554 110 261 235 236 75 119 490 427 479 144 402 180 481 487 56 271
59
37 23 50 8 39 54 51 42 58 27 3 29 34 56 36 18 58 43 59 35 14 45 48 28 11 16 29 31 54 57 26 9 10 3 11 38 15 5 6 31 33 30 32 12 24 20 41 47 40 25 21 18 22 44 7 13 46 28 45
10
8 4 7 5 9 7 5 5 4 6
500
339 442 29 74 335 469 171 196 465 109 22 166 110 442 251 248 499 50 141 149 393 160 448 72 257 266 460 279 95 284 190 80 488 22 102 18 163 321 36 270 60 308 61 317 206 446 247 387 4 456 55 479 1 209 45 290 258 356 161 77 394 453 176 208 170 458 128 479 478 32 500 489 497 256 307 476 336 291 24 310 39 9 128 16 32 252 435 85 86 424 495 454 23 473 430 397 33 366 215 494 177 292 172 452 1 369 295 99 368 356 458 121 201 79 364 274 450 473 34 71 430 151 306 137 445 292 374 114 94 216 400 73 329 252 423 148 352 202 474 442 267 464 204 306 419 274 418 272 300 383 9 360 376 261 324 245 335 415 69 96 10 232 146 462 307 344 437 418 467 298 107 392 206 188 395 213 125 244 159 483 352 68 255 63 133 155 461 94 58 269 115 297 339 272 128 288 435 449 78 362 264 399 11 439 474 191 100 277 436 104 18 400 316 443 183 185 175 25 84 104 23 407 377 52 90 57 487 291 465 282 217 290 142 388 433 228 122 44 205 42 403 264 15 218 322 404 382 226 42 153 170 235 420 316 62 323 308 380 326 389 476 250 23 216 188 124 463 88 456 259 19 142 416 304 344 315 276 316 244 493 92 487 393 222 232 115 34 398 226 132 386 355 243 410 98 463 242 393 221 451 68 404 90 471 195 299 268 8 342 238 307 360 64 39 59 458 101 208 491 355 220 47 485 441 86 239 43 281 372 292 449 68 106 48 284 486 458 77 285 26 2 490 150 349 63 93 383 100 321 453 338 466 175 416 41 58 348 38 245 273 265 382 403 438 275 475 373 156 368 349 331 49 202 20 405 273 242 423 143 305 181 334 63 342 365 367 204 348 251 313 80 140 28 382 135 28 462 226 103 213 321 407 472 468 149 458 167 114 314 405 52 86 65 456 75 186 269 372 500 280 441 368 136 262 323 208 142 346 190 357 430 68 476 195 477 488 230 171 145 415 169 127 262 448 11 466 397 340 195 347 457 6 118 385 19 105 420 5 349 228 343 443 435 108 205 86 23 380 431 188 281 439 151 35 450 440 51 297 353 137 320 430 394 250 68 223 81 467 386 84 241 334 293 64 388 189 197 10 404 37
1000
247 599 921 848 678 726 964 688 442 231 735 578 884 904 195 837 829 634 920 38 484 413 156 666 816 458 761 573 953 585 451 219 196 522 157 192 443 937 214 991 990 635 13 299 477 307 469 375 349 707 749 172 433 494 301 901 227 191 627 660 133 575 640 385 325 281 246 81 755 897 589 434 857 273 417 502 925 804 286 736 68 168 498 408 631 295 259 537 91 728 89 331 279 759 437 345 549 401 597 727 649 303 344 74 338 723 139 121 630 607 629 960 188 588 927 4 864 832 229 873 108 745 524 96 675 926 776 812 6 159 968 898 470 124 909 773 658 378 149 456 612 504 12 865 304 866 661 277 932 427 792 101 455 61 487 23 292 833 130 934 329 984 33 93 492 970 464 82 546 428 341 52 315 754 684 63 885 983 202 367 962 310 507 928 650 982 532 113 206 362 58 36 775 127 200 676 50 954 22 175 446 28 701 526 351 189 230 386 766 324 465 224 604 39 41 957 454 355 32 257 314 539 556 636 769 870 583 600 119 207 10 544 924 382 429 290 986 584 15 943 318 19 802 422 551 67 711 718 503 514 517 595 996 609 971 913 284 799 618 354 18 337 251 717 620 135 444 785 958 895 24 936 187 439 270 716 148 633 523 732 66 831 426 976 903 79 753 757 380 236 997 782 768 811 86 348 51 334 871 118 659 71 102 853 628 641 46 939 779 182 623 260 680 369 552 550 486 861 387 868 681 411 879 210 495 104 787 981 710 719 92 801 365 298 881 772 262 358 980 820 171 950 87 536 55 689 783 296 353 520 869 791 948 452 2 823 767 822 20 421 624 190 998 164 333 103 180 887 263 800 975 664 571 563 826 516 425 163 530 289 533 379 476 655 64 208 415 978 923 798 424 817 275 218 53 880 131 705 357 695 98 435 370 846 261 724 308 84 122 512 322 418 376 559 8 107 75 985 777 73 360 320 5 391 496 499 150 170 235 733 849 621 515 72 402 863 740 788 220 297 748 9 65 267 431 201 947 359 410 746 808 949 763 497 850 31 974 312 394 758 835 336 946 167 211 796 738 915 47 300 608 771 852 708 993 383 45 619 490 109 794 527 851 21 942 317 155 647 690 479 566 977 509 54 158 918 590 83 756 570 534 76 525 741 762 542 183 377 770 693 840 412 547 250 185 249 778 645 955 350 784 34 29 123 814 204 482 888 793 285 899 26 381 395 780 105 642 935 222 276 593 506 841 510 797 169 513 581 97 668 245 972 436 916 988 580 967 540 414 836 828 129 706 374 774 906 405 601 508 500 373 639 529 742 62 838 448 553 651 100 922 205 237 238 30 843 731 697 215 810 519 393 541 807 252 764 242 223 875 625 568 715 699 213 685 679 110 48 364 907 883 141 825 648 115 859 713 173 965 265 432 682 311 361 396 696 59 305 111 309 85 667 278 806 42 956 420 480 572 416 306 313 994 874 518 940 488 614 638 217 471 995 786 319 384 914 747 137 316 60 366 751 760 372 743 449 632 116 917 440 750 929 162 818 845 271 919 577 176 902 321 622 827 3 605 691 856 266 346 489 686 656 582 938 400 626 274 945 603 99 203 860 704 611 398 165 80 474 744 842 933 803 617 844 602 992 264 248 330 703 258 969 930 654 430 673 228 90 795 712 49 280 88 125 11 153 462 140 765 725 179 106 665 709 567 57 657 441 450 671 662 739 287 174 543 126 288 460 94 663 27 505 453 596 194 134 406 293 225 199 472 569 136 565 193 209 419 889 70 535 872 478 347 521 268 16 327 438 356 890 352 151 821 481 729 834 545 390 653 579 332 243 145 44 908 839 256 912 855 160 294 128 961 892 931 25 392 674 878 340 143 692 234 973 613 1000 683 561 17 146 282 670 272 891 461 560 737 576 244 511 637 700 586 714 154 404 592 466 591 987 483 473 407 989 78 687 910 397 905 702 558 999 730 117 144 979 882 177 894 226 445 574 120 644 501 877 876 819 548 562 335 867 959 847 720 941 368 528 232 790 809 138 900 239 598 212 815 132 531 161 56 616 254 14 323 147 610 805 789 830 564 1 862 467 468 554 669 409 951 824 952 752 389 233 77 721 43 184 672 966 37 399 197 423 538 35 142 694 114 646 886 485 240 95 698 463 587 677 911 342 606 283 241 198 781 302 216 269 944 112 813 181 403 7 893 594 557 491 722 166 255 69 963 457 371 221 152 388 447 339 328 186 178 734 459 896 493 555 854 858 40 326 475 643 652 253 291 363 343 615
502
143 407 351 436 486 356 496 259 62 269 46 231 63 113 404 292 497 151 87 197 275 374 184 142 60 89 130 94 417 273 123 242 392 219 70 71 45 227 76 271 240 126 115 260 310 209 465 432 355 117 430 43 450 131 53 167 466 410 33 295 108 214 475 127 84 204 379 124 463 148 195 213 258 161 477 359 78 170 479 393 376 357 491 312 369 358 419 166 191 421 95 373 141 363 55 119 332 326 349 11 40 83 181 281 377 58 252 342 6 245 51 99 287 253 411 318 446 333 452 136 183 428 146 412 484 344 125 297 173 257 174 118 44 179 198 194 234 152 311 384 399 12 96 59 105 159 64 3 235 178 454 54 320 172 106 206 13 337 129 435 233 9 134 493 352 413 52 68 315 107 103 354 445 439 220 49 456 458 205 388 168 203 487 306 279 41 222 37 386 154 427 499 371 34 336 274 267 294 448 370 86 473 345 225 438 28 459 366 442 343 270 88 171 16 483 22 266 334 102 169 489 162 153 461 185 460 291 319 91 335 39 251 248 109 56 394 418 212 396 47 72 423 69 254 470 36 157 360 61 471 210 250 280 232 401 15 341 188 38 201 19 307 414 67 92 199 453 457 301 347 268 422 409 372 238 288 400 327 256 120 82 429 149 383 495 500 375 441 455 262 239 21 415 391 18 492 402 132 241 65 26 338 255 42 14 469 186 285 32 135 20 138 264 468 90 207 368 365 249 187 299 230 464 158 272 278 30 437 348 73 389 398 472 25 263 224 290 116 229 196 110 216 328 98 378 100 176 277 340 494 237 189 74 75 147 177 346 139 215 385 408 289 164 380 339 137 462 405 447 364 451 316 114 449 97 160 140 308 331 498 150 321 10 298 323 309 104 122 282 182 480 296 433 121 286 382 208 29 283 425 244 443 367 228 81 353 474 80 218 476 57 261 314 128 303 223 50 17 420 23 300 424 24 7 406 236 467 381 395 200 397 155 144 85 79 1 217 48 276 165 293 501 361 31 175 180 5 66 77 35 190 304 426 112 4 485 305 416 502 479 27 330 111 390 243 211 133 284 431 8 313 265 440 163 202 302 101 192 156 317 387 2 350 478 247 193 482 325 488 221 322 403 481 145 246 93 362 434 444 329 324 490
50
11 40 12 39 27 34 27 33 33 25 15 18 18 38 24 47 38 15 24 36 34 6 50 8 31 45 49 12 16 13 26 11 18 5 39 1 48 16 1 28 50 26 30 13 25 49 30 18 35 26
200
120 182 9 156 155 117 68 198 26 79 199 34 38 165 10 173 171 28 104 50 179 44 145 151 91 100 106 194 125 45 11 126 53 158 98 158 86 108 17 112 53 142 188 166 133 80 16 6 67 76 200 107 63 23 118 182 28 146 74 108 20 39 115 149 43 45 24 16 192 59 29 150 32 176 83 13 82 85 8 52 71 138 129 19 139 65 167 31 16 191 36 152 110 174 143 190 183 62 80 54 170 45 187 101 110 95 117 98 151 159 35 84 185 121 162 64 136 155 56 51 40 77 53 85 59 97 49 122 5 156 88 200 175 160 35 122 38 127 141 169 189 194 45 67 153 66 123 141 140 197 130 179 18 25 180 90 62 107 124 177 1 164 75 134 113 69 73 87 163 81 116 123 61 93 168 92 3 189 147 88 94 15 119 62 181 188 72 14 10 67 103 178 77 44 122 165 37 154 27 114
