32
4
2 3 4 1
4
3 3 4 1
4
3 3 4 3
10
7 8 10 10 9 2 9 6 3 3
10
2 3 1 10 3 5 6 7 8 9
3
2 1 1
3
2 1 2
3
2 3 1
3
2 3 2
3
3 1 1
3
3 1 2
7
4 6 5 1 7 1 3
5
5 4 2 1 3
7
3 1 2 1 1 1 1
9
6 9 7 1 7 5 3 1 2
10
3 10 9 7 8 9 5 6 2 3
10
6 4 4 9 10 10 1 4 2 2
7
3 3 2 7 4 5 6
10
5 6 8 2 7 8 5 2 7 3
10
2 10 8 5 8 5 4 5 4 8
8
5 8 4 3 2 3 6 1
9
4 7 8 3 2 9 5 1 6
6
5 1 5 2 1 3
8
2 5 5 2 2 5 1 3
7
4 3 5 7 1 2 6
10
8 9 10 7 1 2 2 3 5 6
5
5 5 1 2 4
9
8 1 5 6 7 7 2 1 4
5
3 5 1 3 2
10
7 1 6 10 2 9 6 5 7 4
10
3 5 1 7 8 8 6 9 5 4
10
4 4 10 3 8 10 6 6 4 5
