100
4 4
1.4000
0.5000 0.7000 0.8000 0.6000
2 2
1.0000
0.0000 0.0000
2 1
0.0000
0.9000 0.8000
2 1
0.1000
0.4000 0.5000
50 50
0.0049
0.9999 0.9999 0.9999 0.9999 0.9999 0.9999 0.9999 0.9999 0.9999 0.9999 0.9999 0.9999 0.9999 0.9999 0.9999 0.9999 0.9999 0.9999 0.9999 0.9999 0.9999 0.9999 0.9999 0.9999 0.9999 0.9999 0.9999 0.9999 0.9999 0.9999 0.9999 0.9999 0.9999 0.9999 0.9999 0.9999 0.9999 0.9999 0.9999 0.9999 0.9999 0.9999 0.9999 0.9999 0.9999 0.9999 0.9999 0.9999 0.9999 0.9999
46 21
0.0209
0.4705 0.2453 0.1760 0.0716 0.8258 0.1633 0.9315 0.9103 0.7680 0.2705 0.9899 0.7117 0.6648 0.6448 0.6416 0.2208 0.9359 0.5535 0.6248 0.9595 0.8666 0.7788 0.3624 0.1231 0.8353 0.4682 0.1052 0.3190 0.0537 0.3020 0.0648 0.7598 0.4405 0.1057 0.5856 0.1514 0.1554 0.1909 0.6575 0.7758 0.6433 0.7780 0.6954 0.8984 0.6853 0.5401
50 11
0.0181
0.4915 0.8559 0.6561 0.1549 0.7375 0.6831 0.8218 0.3374 0.3077 0.5487 0.5281 0.1435 0.2838 0.2488 0.2420 0.4810 0.6775 0.4460 0.3059 0.0992 0.2036 0.5833 0.8321 0.0857 0.5673 0.4896 0.2635 0.1361 0.0597 0.3435 0.5445 0.9108 0.0732 0.9304 0.0100 0.3160 0.6272 0.1579 0.7206 0.3884 0.5291 0.6733 0.9297 0.3132 0.9815 0.3335 0.8273 0.0738 0.5095 0.2397
49 27
2.2603
0.4606 0.3545 0.6125 0.5165 0.7444 0.5509 0.6942 0.9229 0.7809 0.4856 0.3106 0.6857 0.4379 0.5347 0.4581 0.6873 0.1329 0.8561 0.2235 0.7064 0.1160 0.7694 0.2368 0.7213 0.0852 0.6047 0.4266 0.1679 0.8491 0.0706 0.7932 0.1762 0.2869 0.2017 0.2831 0.8691 0.5337 0.7481 0.2062 0.4795 0.8378 0.5154 0.3850 0.5352 0.0739 0.7001 0.5095 0.8354 0.7961
47 15
0.6531
0.6249 0.6593 0.6495 0.0717 0.7029 0.9129 0.2293 0.7455 0.6913 0.2743 0.5095 0.9651 0.9020 0.7230 0.3929 0.8530 0.2757 0.1236 0.0658 0.2522 0.8840 0.5259 0.4007 0.7427 0.5473 0.1253 0.2839 0.8049 0.9022 0.1838 0.9537 0.4995 0.1888 0.5763 0.2618 0.8067 0.5278 0.3260 0.4395 0.5211 0.9231 0.3629 0.3095 0.8636 0.7103 0.1793 0.6904
47 30
0.0125
0.6158 0.4906 0.7021 0.0607 0.8727 0.7392 0.2217 0.9290 0.7573 0.1098 0.4820 0.7224 0.4287 0.2581 0.0423 0.8860 0.6662 0.6682 0.1440 0.7887 0.1252 0.9048 0.2609 0.1127 0.6002 0.8197 0.9318 0.2291 0.3308 0.1148 0.1079 0.1994 0.3045 0.2613 0.5654 0.1143 0.4186 0.1534 0.1378 0.2250 0.9690 0.8682 0.6808 0.4994 0.7905 0.7537 0.0977
47 39
15.0329
0.5843 0.1696 0.1326 0.1793 0.3152 0.8345 0.4190 0.6701 0.5109 0.6843 0.5974 0.3276 0.5581 0.8637 0.2848 0.6326 0.7932 0.1114 0.3740 0.6343 0.3258 0.5846 0.7084 0.7124 0.7313 0.4544 0.4985 0.6310 0.4068 0.0589 0.4383 0.6200 0.9892 0.6336 0.9508 0.6818 0.9632 0.8723 0.0935 0.2323 0.7797 0.7022 0.2825 0.9136 0.4405 0.6628 0.9123
2 1
0.3333
0.5000 0.5000
47 33
20.0844
0.2981 0.8826 0.7610 0.6969 0.4896 0.2437 0.7635 0.8410 0.0788 0.6391 0.6309 0.2311 0.6262 0.4558 0.9503 0.6136 0.5963 0.2249 0.8778 0.6362 0.1456 0.3442 0.9066 0.7307 0.4179 0.4771 0.9722 0.1069 0.3537 0.3598 0.1537 0.8210 0.4774 0.4236 0.0061 0.3345 0.8738 0.8295 0.3365 0.9359 0.7648 0.0281 0.3633 0.2535 0.7928 0.4202 0.9700
2 1
0.3333
0.0000 0.0000
45 10
0.0181
0.2737 0.1707 0.9124 0.6595 0.5620 0.2090 0.2697 0.1054 0.1951 0.2505 0.8730 0.4844 0.8940 0.2959 0.3576 0.6850 0.6013 0.7614 0.5796 0.7855 0.1661 0.4226 0.6738 0.1910 0.5083 0.0844 0.5166 0.4872 0.1510 0.2229 0.6554 0.3821 0.5158 0.7856 0.5360 0.7554 0.4254 0.9236 0.1320 0.8022 0.4015 0.0491 0.6364 0.9176 0.8681
48 27
0.0030
0.0790 0.6947 0.8699 0.1843 0.6412 0.5274 0.7852 0.4684 0.2696 0.1489 0.0667 0.0194 0.6781 0.9888 0.3630 0.4714 0.6569 0.8501 0.6351 0.4670 0.3478 0.8255 0.4245 0.6279 0.6125 0.6486 0.6608 0.8759 0.2565 0.7006 0.8753 0.8734 0.9061 0.8907 0.6355 0.4473 0.7768 0.4823 0.3523 0.6581 0.9703 0.4851 0.7167 0.5572 0.3224 0.7592 0.7145 0.8990
45 32
0.0165
0.7126 0.4606 0.7166 0.9740 0.6415 0.5624 0.9105 0.4715 0.1313 0.4137 0.5668 0.3506 0.0677 0.7443 0.3953 0.4312 0.6063 0.8294 0.7374 0.9815 0.1751 0.4120 0.8241 0.9605 0.5683 0.8919 0.6028 0.1525 0.9788 0.4477 0.3584 0.9257 0.6882 0.9088 0.6724 0.5749 0.4609 0.4142 0.7716 0.6292 0.5492 0.6480 0.2321 0.7955 0.5856
49 30
0.0176
0.2448 0.3338 0.4154 0.4477 0.9659 0.7521 0.5528 0.2198 0.7818 0.1668 0.1662 0.2758 0.9016 0.2166 0.1959 0.7811 0.7608 0.6604 0.9066 0.3496 0.5544 0.3742 0.8631 0.4837 0.6054 0.1895 0.4839 0.5693 0.3011 0.4158 0.3804 0.1225 0.2490 0.0881 0.2503 0.5244 0.7162 0.9822 0.7485 0.2079 0.8013 0.8752 0.7997 0.1327 0.4559 0.6818 0.7316 0.9369 0.1396
1 1
0.3333
0.5000
50 25
33.3350
0.3333 0.3333 0.3333 0.3333 0.3333 0.3333 0.3333 0.3333 0.3333 0.3333 0.3333 0.3333 0.3333 0.3333 0.3333 0.3333 0.3333 0.3333 0.3333 0.3333 0.3333 0.3333 0.3333 0.3333 0.3333 0.3333 0.3333 0.3333 0.3333 0.3333 0.3333 0.3333 0.3333 0.3333 0.3333 0.3333 0.3333 0.3333 0.3333 0.3333 0.3333 0.3333 0.3333 0.3333 0.3333 0.3333 0.3333 0.3333 0.3333 0.3333
46 35
2.2609
0.6091 0.6917 0.5700 0.2998 0.4696 0.1952 0.4456 0.5266 0.1243 0.0687 0.2596 0.1074 0.5295 0.6226 0.5151 0.7287 0.1951 0.3491 0.5076 0.7780 0.9743 0.5142 0.6753 0.3296 0.4231 0.8150 0.9748 0.7035 0.1920 0.6343 0.9134 0.7581 0.5060 0.7256 0.7254 0.1591 0.9433 0.4140 0.8130 0.9536 0.4813 0.2447 0.0569 0.1486 0.5962 0.1879
47 26
0.5837
0.7619 0.8867 0.4740 0.3950 0.3154 0.4499 0.2756 0.9160 0.8738 0.1213 0.2916 0.6586 0.6131 0.7012 0.8003 0.2637 0.7999 0.9137 0.5026 0.6248 0.1457 0.8177 0.7335 0.5956 0.5373 0.8283 0.0343 0.5064 0.7970 0.0304 0.8207 0.6696 0.2976 0.3682 0.5646 0.6048 0.3602 0.1291 0.8463 0.0082 0.3793 0.7167 0.9918 0.4186 0.4096 0.7741 0.5603
48 34
0.0181
0.9589 0.2903 0.9183 0.3033 0.4277 0.4962 0.1342 0.5737 0.6076 0.6088 0.4705 0.7721 0.3564 0.0512 0.1405 0.0063 0.7122 0.9386 0.8818 0.9041 0.4091 0.2997 0.6337 0.2222 0.8132 0.1749 0.9371 0.6438 0.9103 0.1952 0.8251 0.6920 0.0228 0.6499 0.9883 0.2262 0.8515 0.9821 0.5551 0.1461 0.1887 0.5989 0.5821 0.5700 0.5840 0.1393 0.8675 0.6581
50 50
0.0050
0.9999 0.9999 0.9999 0.9999 0.9999 0.9999 0.9999 0.9999 0.9999 0.9999 0.9999 0.9999 0.9999 0.9999 0.9999 0.9999 0.9999 0.9999 0.9999 0.9999 0.9999 0.9999 0.9999 0.9999 0.9999 0.9999 0.9999 0.9999 0.9999 0.9999 0.9999 0.9999 0.9999 0.9999 0.9999 0.9999 0.9999 0.9999 0.9999 0.9999 0.9999 0.9999 0.9999 0.9999 0.9999 0.9999 0.9999 0.9999 0.9999 0.9999
48 14
0.0006
0.8207 0.4088 0.2158 0.3215 0.9140 0.6418 0.9646 0.4859 0.3374 0.3665 0.2997 0.2513 0.6653 0.7336 0.3325 0.6693 0.3892 0.1281 0.8677 0.8778 0.9231 0.4737 0.8698 0.1367 0.8882 0.2569 0.7472 0.4247 0.7986 0.6653 0.6322 0.5403 0.5990 0.7849 0.4798 0.4965 0.3102 0.4827 0.3305 0.2125 0.2061 0.3373 0.6994 0.0234 0.1245 0.7415 0.4969 0.3636
50 50
0.0000
0.8765 0.8765 0.8765 0.8765 0.8765 0.8765 0.8765 0.8765 0.8765 0.8765 0.8765 0.8765 0.8765 0.8765 0.8765 0.8765 0.8765 0.8765 0.8765 0.8765 0.8765 0.8765 0.8765 0.8765 0.8765 0.8765 0.8765 0.8765 0.8765 0.8765 0.8765 0.8765 0.8765 0.8765 0.8765 0.8765 0.8765 0.8765 0.8765 0.8765 0.8765 0.8765 0.8765 0.8765 0.8765 0.8765 0.8765 0.8765 0.8765 0.8765
47 21
0.0214
0.8023 0.6623 0.9417 0.7409 0.1562 0.2035 0.0420 0.9802 0.0449 0.1530 0.3804 0.3374 0.8948 0.1495 0.9849 0.2292 0.4952 0.3226 0.5988 0.4065 0.6312 0.9701 0.9093 0.0290 0.9080 0.5817 0.9921 0.1590 0.8888 0.9555 0.0865 0.7643 0.6420 0.6229 0.4024 0.8953 0.4964 0.0751 0.6940 0.2806 0.8467 0.2401 0.2900 0.8383 0.6623 0.3902 0.0004
49 32
1.8412
0.1334 0.7464 0.9090 0.6639 0.0721 0.6455 0.7961 0.8078 0.5025 0.6617 0.6723 0.3940 0.2253 0.2441 0.2301 0.6679 0.4968 0.2658 0.8336 0.8097 0.9950 0.4946 0.5111 0.9121 0.0456 0.2846 0.3863 0.6256 0.3468 0.2647 0.2839 0.0040 0.1416 0.0268 0.3247 0.3223 0.7279 0.1363 0.4493 0.2349 0.0599 0.2072 0.9905 0.6536 0.7475 0.9946 0.1600 0.8299 0.4540
1 1
1.0000
0.0000
50 49
0.0000
0.9999 0.9999 0.9999 0.9999 0.9999 0.9999 0.9999 0.9999 0.9999 0.9999 0.9999 0.9999 0.9999 0.9999 0.9999 0.9999 0.9999 0.9999 0.9999 0.9999 0.9999 0.9999 0.9999 0.9999 0.9999 0.9999 0.9999 0.9999 0.9999 0.9999 0.9999 0.9999 0.9999 0.9999 0.9999 0.9999 0.9999 0.9999 0.9999 0.9999 0.9999 0.9999 0.9999 0.9999 0.9999 0.9999 0.9999 0.9999 0.9999 0.9999
1 1
0.0000
1.0000
50 50
0.0000
0.8700 0.8700 0.8700 0.8700 0.8700 0.8700 0.8700 0.8700 0.8700 0.8700 0.8700 0.8700 0.8700 0.8700 0.8700 0.8700 0.8700 0.8700 0.8700 0.8700 0.8700 0.8700 0.8700 0.8700 0.8700 0.8700 0.8700 0.8700 0.8700 0.8700 0.8700 0.8700 0.8700 0.8700 0.8700 0.8700 0.8700 0.8700 0.8700 0.8700 0.8700 0.8700 0.8700 0.8700 0.8700 0.8700 0.8700 0.8700 0.8700 0.8700
50 44
0.0172
0.1660 0.9905 0.4869 0.7405 0.4713 0.1120 0.4445 0.7021 0.6297 0.6757 0.8899 0.1309 0.3045 0.7734 0.9342 0.1851 0.8513 0.9484 0.7286 0.2143 0.4536 0.1590 0.7112 0.2481 0.8676 0.5528 0.0091 0.5348 0.7599 0.9514 0.2216 0.2504 0.5487 0.0700 0.7547 0.1338 0.4800 0.2676 0.2772 0.8228 0.3979 0.6297 0.5498 0.8439 0.6040 0.5770 0.1918 0.1999 0.1143 0.6046
49 28
0.0211
0.1900 0.7469 0.6043 0.0133 0.3722 0.4453 0.4709 0.8304 0.3501 0.0665 0.6056 0.7409 0.5244 0.9865 0.3380 0.2744 0.3453 0.3196 0.9297 0.5725 0.4814 0.4488 0.0067 0.6034 0.4369 0.0082 0.3404 0.6767 0.3030 0.2961 0.5708 0.3263 0.9819 0.4426 0.7082 0.8653 0.1174 0.8262 0.0521 0.4454 0.6123 0.6948 0.4196 0.9155 0.9901 0.9155 0.7046 0.3908 0.5369
4 4
1.3999
0.8000 0.7000 0.6000 0.5000
45 11
0.0113
0.1171 0.9855 0.4565 0.8871 0.2363 0.4613 0.0551 0.4674 0.5804 0.7752 0.7146 0.5253 0.6112 0.6042 0.4087 0.7571 0.2941 0.2650 0.8665 0.1140 0.1280 0.0644 0.8803 0.6500 0.7603 0.1806 0.2215 0.8026 0.1232 0.9505 0.5509 0.8499 0.2696 0.5776 0.3616 0.3943 0.0487 0.9481 0.1519 0.0861 0.5950 0.5218 0.8943 0.3003 0.5080
2 1
1.0000
0.0000 0.0000
48 45
17.8366
0.6389 0.1886 0.0716 0.5952 0.2469 0.7685 0.0927 0.8492 0.1359 0.4034 0.7468 0.3476 0.6729 0.5593 0.9724 0.7151 0.6141 0.6754 0.4313 0.2527 0.4438 0.9121 0.7013 0.6692 0.2968 0.6979 0.8031 0.8157 0.7972 0.2943 0.1935 0.3696 0.0872 0.5505 0.5192 0.9527 0.8821 0.7638 0.6476 0.7656 0.6493 0.1160 0.2984 0.8634 0.2918 0.5805 0.5760 0.0139
50 28
0.0081
0.3190 0.9134 0.1532 0.7989 0.9332 0.1962 0.0806 0.9012 0.9723 0.8141 0.7384 0.9544 0.7464 0.9639 0.2148 0.5738 0.9974 0.9772 0.5941 0.7453 0.4622 0.4610 0.1663 0.8364 0.5502 0.0069 0.5411 0.9374 0.9509 0.9098 0.8726 0.4149 0.5428 0.1706 0.7208 0.1784 0.2155 0.5126 0.2875 0.6884 0.1639 0.6112 0.1055 0.7735 0.9379 0.9703 0.4806 0.2028 0.5053 0.5505
45 17
0.0048
0.8809 0.5036 0.1223 0.0959 0.1425 0.4781 0.0388 0.7971 0.3052 0.8320 0.1837 0.7419 0.6258 0.4393 0.4566 0.6803 0.4777 0.3965 0.8737 0.8391 0.3352 0.8904 0.1910 0.2267 0.5527 0.8593 0.7575 0.5553 0.3704 0.7412 0.0424 0.8994 0.8178 0.5302 0.9756 0.1486 0.4111 0.0674 0.0807 0.2393 0.0483 0.2077 0.8684 0.7468 0.2511
46 25
2.0182
0.3255 0.6792 0.9312 0.5041 0.3927 0.1989 0.9645 0.0428 0.4063 0.9685 0.0266 0.3429 0.8659 0.8442 0.3565 0.0205 0.5132 0.5677 0.3615 0.8204 0.5152 0.7883 0.1471 0.9816 0.4010 0.6128 0.3225 0.4112 0.7297 0.3866 0.5842 0.5807 0.3768 0.6995 0.3665 0.0322 0.3547 0.8299 0.9761 0.9890 0.5446 0.2729 0.9211 0.8848 0.8239 0.8605
50 20
4.1637
0.1474 0.0245 0.4020 0.0958 0.4800 0.4519 0.4824 0.9483 0.5913 0.2653 0.7370 0.7958 0.6746 0.6653 0.9522 0.2645 0.4427 0.2619 0.4000 0.6199 0.3811 0.5888 0.3838 0.8583 0.3632 0.3214 0.6846 0.5119 0.5677 0.2035 0.5482 0.4957 0.7150 0.8224 0.7015 0.2077 0.2999 0.7274 0.0226 0.8208 0.1337 0.4536 0.8882 0.9943 0.0355 0.2892 0.4156 0.0987 0.5633 0.3931
50 25
1.0000
0.0000 0.0000 0.0000 0.0000 0.0000 0.0000 0.0000 0.0000 0.0000 0.0000 0.0000 0.0000 0.0000 0.0000 0.0000 0.0000 0.0000 0.0000 0.0000 0.0000 0.0000 0.0000 0.0000 0.0000 0.0000 0.0000 0.0000 0.0000 0.0000 0.0000 0.0000 0.0000 0.0000 0.0000 0.0000 0.0000 0.0000 0.0000 0.0000 0.0000 0.0000 0.0000 0.0000 0.0000 0.0000 0.0000 0.0000 0.0000 0.0000 0.0000
50 1
50.0000
0.0000 0.0000 0.0000 0.0000 0.0000 0.0000 0.0000 0.0000 0.0000 0.0000 0.0000 0.0000 0.0000 0.0000 0.0000 0.0000 0.0000 0.0000 0.0000 0.0000 0.0000 0.0000 0.0000 0.0000 0.0000 0.0000 0.0000 0.0000 0.0000 0.0000 0.0000 0.0000 0.0000 0.0000 0.0000 0.0000 0.0000 0.0000 0.0000 0.0000 0.0000 0.0000 0.0000 0.0000 0.0000 0.0000 0.0000 0.0000 0.0000 0.0000
50 50
50.0000
0.0000 0.0000 0.0000 0.0000 0.0000 0.0000 0.0000 0.0000 0.0000 0.0000 0.0000 0.0000 0.0000 0.0000 0.0000 0.0000 0.0000 0.0000 0.0000 0.0000 0.0000 0.0000 0.0000 0.0000 0.0000 0.0000 0.0000 0.0000 0.0000 0.0000 0.0000 0.0000 0.0000 0.0000 0.0000 0.0000 0.0000 0.0000 0.0000 0.0000 0.0000 0.0000 0.0000 0.0000 0.0000 0.0000 0.0000 0.0000 0.0000 0.0000
50 25
0.0000
0.0000 0.0000 0.0000 0.0000 0.0000 0.0000 0.0000 0.0000 0.0000 0.0000 0.0000 0.0000 0.0000 0.0000 0.0000 0.0000 0.0000 0.0000 0.0000 0.0000 0.0000 0.0000 0.0000 0.0000 0.0000 0.0000 0.0000 0.0000 0.0000 0.0000 0.0000 0.0000 0.0000 0.0000 0.0000 0.0000 0.0000 0.0000 0.0000 0.0000 0.0000 0.0000 0.0000 0.0000 0.0000 0.0000 0.0000 0.0000 0.0000 0.0000
50 1
0.0000
1.0000 1.0000 1.0000 1.0000 1.0000 1.0000 1.0000 1.0000 1.0000 1.0000 1.0000 1.0000 1.0000 1.0000 1.0000 1.0000 1.0000 1.0000 1.0000 1.0000 1.0000 1.0000 1.0000 1.0000 1.0000 1.0000 1.0000 1.0000 1.0000 1.0000 1.0000 1.0000 1.0000 1.0000 1.0000 1.0000 1.0000 1.0000 1.0000 1.0000 1.0000 1.0000 1.0000 1.0000 1.0000 1.0000 1.0000 1.0000 1.0000 1.0000
49 14
0.0153
0.9878 0.7243 0.0733 0.1295 0.1284 0.8288 0.6907 0.4470 0.7496 0.1064 0.9194 0.8252 0.5481 0.6744 0.0947 0.8166 0.3021 0.4702 0.3818 0.6432 0.2317 0.0501 0.7371 0.6766 0.0326 0.8458 0.0836 0.7012 0.3094 0.9849 0.2209 0.4135 0.7163 0.8327 0.2890 0.2481 0.3777 0.5504 0.9912 0.9794 0.9269 0.2671 0.2410 0.2343 0.4686 0.5306 0.3689 0.8586 0.0619
47 1
0.0100
0.2334 0.3566 0.5427 0.6333 0.5436 0.0169 0.8672 0.3895 0.7326 0.5006 0.7691 0.2360 0.4152 0.2474 0.5035 0.6223 0.9685 0.3792 0.3097 0.2174 0.1176 0.1957 0.6487 0.2465 0.8124 0.6468 0.8312 0.8421 0.8099 0.3597 0.9453 0.8515 0.0912 0.4364 0.5881 0.6336 0.1794 0.4321 0.3815 0.5034 0.9695 0.9964 0.1226 0.1641 0.4026 0.3820 0.6077
50 49
0.0050
0.9999 0.9999 0.9999 0.9999 0.9999 0.9999 0.9999 0.9999 0.9999 0.9999 0.9999 0.9999 0.9999 0.9999 0.9999 0.9999 0.9999 0.9999 0.9999 0.9999 0.9999 0.9999 0.9999 0.9999 0.9999 0.9999 0.9999 0.9999 0.9999 0.9999 0.9999 0.9999 0.9999 0.9999 0.9999 0.9999 0.9999 0.9999 0.9999 0.9999 0.9999 0.9999 0.9999 0.9999 0.9999 0.9999 0.9999 0.9999 0.9999 0.9999
45 24
0.0144
0.2181 0.0543 0.4095 0.8380 0.0617 0.6760 0.7829 0.9565 0.5266 0.7761 0.9517 0.9195 0.3341 0.6930 0.2845 0.6753 0.6891 0.5693 0.7483 0.0990 0.1447 0.7906 0.1610 0.5243 0.8856 0.8844 0.0738 0.1555 0.0551 0.4525 0.9790 0.8025 0.5619 0.8283 0.5243 0.7563 0.1223 0.1353 0.1584 0.6873 0.4668 0.9520 0.6202 0.7141 0.2767
1 1
0.3333
0.0000
49 16
1.4642
0.6886 0.2230 0.2170 0.0326 0.6688 0.5057 0.3545 0.5526 0.4021 0.2718 0.5541 0.6342 0.8368 0.7574 0.4207 0.4750 0.0406 0.5945 0.0571 0.1974 0.4860 0.3259 0.5140 0.7499 0.3392 0.7292 0.4856 0.4834 0.1299 0.8082 0.8704 0.3660 0.4859 0.6470 0.3547 0.9997 0.1490 0.0683 0.4936 0.8120 0.1206 0.0331 0.6772 0.3809 0.0189 0.7569 0.6306 0.1781 0.9002
47 10
0.0193
0.2368 0.7450 0.4964 0.9436 0.3771 0.7282 0.0914 0.2942 0.0600 0.3846 0.6412 0.8605 0.2408 0.3453 0.9443 0.2281 0.9072 0.1054 0.6561 0.2687 0.5122 0.4018 0.3337 0.5543 0.4306 0.1369 0.5112 0.2095 0.8067 0.2277 0.7885 0.3518 0.5849 0.7882 0.0815 0.0043 0.3802 0.3403 0.4597 0.0503 0.3491 0.8878 0.3542 0.9690 0.2366 0.2870 0.5429
47 13
4.5729
0.8376 0.0019 0.6831 0.9551 0.6867 0.9725 0.4495 0.5631 0.4397 0.2536 0.4621 0.6506 0.6929 0.9907 0.3059 0.5103 0.0260 0.8657 0.9738 0.8461 0.9749 0.1211 0.9395 0.8300 0.0196 0.3165 0.0008 0.7205 0.2736 0.6470 0.5663 0.6019 0.7565 0.4849 0.3039 0.4415 0.7212 0.9988 0.6368 0.0006 0.7916 0.4943 0.8052 0.3539 0.9900 0.2778 0.8075
50 25
0.0000
0.3333 0.3333 0.3333 0.3333 0.3333 0.3333 0.3333 0.3333 0.3333 0.3333 0.3333 0.3333 0.3333 0.3333 0.3333 0.3333 0.3333 0.3333 0.3333 0.3333 0.3333 0.3333 0.3333 0.3333 0.3333 0.3333 0.3333 0.3333 0.3333 0.3333 0.3333 0.3333 0.3333 0.3333 0.3333 0.3333 0.3333 0.3333 0.3333 0.3333 0.3333 0.3333 0.3333 0.3333 0.3333 0.3333 0.3333 0.3333 0.3333 0.3333
2 1
0.5000
0.5000 0.5000
48 16
0.0115
0.3980 0.7445 0.6839 0.6271 0.9631 0.3328 0.6097 0.5028 0.0560 0.8360 0.2419 0.1349 0.0669 0.5291 0.8680 0.9962 0.5530 0.9566 0.2752 0.3579 0.2458 0.1035 0.4134 0.1209 0.9403 0.3868 0.8625 0.9965 0.0393 0.9544 0.0303 0.8345 0.0082 0.8577 0.1021 0.7676 0.0559 0.2708 0.9831 0.2071 0.9109 0.4257 0.7851 0.9008 0.8768 0.5827 0.8478 0.5677
45 26
4.8958
0.8163 0.5181 0.5519 0.9869 0.4125 0.6743 0.9406 0.7108 0.6518 0.7023 0.5241 0.1894 0.9874 0.1510 0.0784 0.0997 0.5641 0.6586 0.4676 0.8110 0.5870 0.7918 0.7079 0.1818 0.5871 0.5584 0.3691 0.9921 0.9280 1.0000 0.4691 0.1847 0.2045 0.7577 0.3567 0.2526 0.9743 0.1974 0.6918 0.0811 0.0246 0.4490 0.7337 0.1687 0.9265
4 4
0.0001
0.0000 0.0000 0.0000 0.0000
46 26
0.0165
0.2703 0.0852 0.5247 0.4714 0.8799 0.1804 0.6633 0.1139 0.8991 0.3222 0.9204 0.7146 0.5766 0.1116 0.1754 0.0805 0.5361 0.0767 0.9235 0.6176 0.6115 0.4361 0.4392 0.2166 0.8649 0.6318 0.1689 0.3274 0.4155 0.5623 0.6882 0.3123 0.6557 0.7536 0.3486 0.3517 0.9404 0.2892 0.5836 0.9459 0.6443 0.5906 0.0050 0.3316 0.1818 0.1969
49 47
14.7992
0.1000 0.5763 0.4627 0.5122 0.4618 0.3342 0.1671 0.1955 0.2788 0.4648 0.3584 0.9540 0.3924 0.1371 0.2903 0.4311 0.4496 0.5768 0.8551 0.9341 0.0054 0.7402 0.9643 0.3298 0.9606 0.8463 0.0767 0.9746 0.5079 0.8922 0.0108 0.3340 0.4703 0.7530 0.1072 0.9879 0.5304 0.2759 0.7297 0.2738 0.0884 0.9535 0.4787 0.5960 0.7283 0.1339 0.5349 0.6452 0.4925
49 38
0.0085
0.3864 0.4337 0.6724 0.4971 0.1014 0.3384 0.8658 0.7652 0.4512 0.2451 0.2975 0.4204 0.0917 0.6457 0.8274 0.5716 0.2215 0.4735 0.7646 0.7207 0.5832 0.8466 0.1553 0.3867 0.6065 0.2114 0.9628 0.9321 0.3180 0.7828 0.7676 0.9188 0.5685 0.6103 0.6786 0.1694 0.5813 0.5111 0.9538 0.9542 0.8464 0.5574 0.1550 0.0407 0.4594 0.8010 0.4308 0.8350 0.3729
2 1
0.0000
1.0000 1.0000
50 1
33.3350
0.3333 0.3333 0.3333 0.3333 0.3333 0.3333 0.3333 0.3333 0.3333 0.3333 0.3333 0.3333 0.3333 0.3333 0.3333 0.3333 0.3333 0.3333 0.3333 0.3333 0.3333 0.3333 0.3333 0.3333 0.3333 0.3333 0.3333 0.3333 0.3333 0.3333 0.3333 0.3333 0.3333 0.3333 0.3333 0.3333 0.3333 0.3333 0.3333 0.3333 0.3333 0.3333 0.3333 0.3333 0.3333 0.3333 0.3333 0.3333 0.3333 0.3333
50 25
50.0000
0.0000 0.0000 0.0000 0.0000 0.0000 0.0000 0.0000 0.0000 0.0000 0.0000 0.0000 0.0000 0.0000 0.0000 0.0000 0.0000 0.0000 0.0000 0.0000 0.0000 0.0000 0.0000 0.0000 0.0000 0.0000 0.0000 0.0000 0.0000 0.0000 0.0000 0.0000 0.0000 0.0000 0.0000 0.0000 0.0000 0.0000 0.0000 0.0000 0.0000 0.0000 0.0000 0.0000 0.0000 0.0000 0.0000 0.0000 0.0000 0.0000 0.0000
49 33
0.0009
0.9595 0.8712 0.7872 0.9722 0.7289 0.5517 0.8545 0.9125 0.0392 0.3732 0.1004 0.2047 0.8661 0.4015 0.1216 0.9693 0.1732 0.9753 0.1948 0.6091 0.7427 0.3105 0.4978 0.9781 0.2042 0.1840 0.4080 0.2347 0.1060 0.5018 0.7099 0.2076 0.1882 0.7223 0.3030 0.7004 0.7796 0.8100 0.7670 0.9203 0.2611 0.2042 0.2478 0.1563 0.1488 0.8912 0.8853 0.1741 0.0251
48 15
0.0243
0.9535 0.8478 0.5022 0.8459 0.4561 0.1831 0.2787 0.4688 0.9878 0.4506 0.7322 0.1608 0.8606 0.1109 0.1632 0.8555 0.6650 0.2441 0.0182 0.5690 0.2357 0.6316 0.9056 0.2316 0.6392 0.9327 0.0147 0.0626 0.9591 0.2545 0.5389 0.1937 0.3536 0.2481 0.2139 0.8275 0.3280 0.6562 0.0169 0.4278 0.5175 0.5310 0.7611 0.0282 0.9787 0.0021 0.6705 0.8051
50 25
0.0203
0.4389 0.5734 0.5530 0.6250 0.9028 0.7924 0.8211 0.2559 0.0832 0.9800 0.0765 0.3286 0.6727 0.9642 0.0959 0.7342 0.8517 0.2504 0.8991 0.7932 0.7609 0.7461 0.8140 0.1374 0.0101 0.7164 0.2600 0.5387 0.6310 0.8943 0.3539 0.3646 0.1709 0.0543 0.9107 0.2333 0.7495 0.1847 0.3581 0.7689 0.6508 0.4814 0.5349 0.4051 0.9267 0.9092 0.0907 0.5851 0.2274 0.2737
47 40
9.1118
0.1628 0.8913 0.8307 0.7563 0.0661 0.4892 0.3505 0.3945 0.1218 0.0475 0.7323 0.5985 0.8293 0.8825 0.7227 0.0139 0.0928 0.3445 0.6478 0.3104 0.6543 0.0185 0.1504 0.7093 0.0286 0.7301 0.0289 0.3168 0.1082 0.3377 0.9927 0.4133 0.3370 0.7510 0.7530 0.1403 0.8390 0.2521 0.0453 0.4527 0.5455 0.2309 0.8628 0.6205 0.9793 0.9923 0.6400
50 25
0.0000
1.0000 1.0000 1.0000 1.0000 1.0000 1.0000 1.0000 1.0000 1.0000 1.0000 1.0000 1.0000 1.0000 1.0000 1.0000 1.0000 1.0000 1.0000 1.0000 1.0000 1.0000 1.0000 1.0000 1.0000 1.0000 1.0000 1.0000 1.0000 1.0000 1.0000 1.0000 1.0000 1.0000 1.0000 1.0000 1.0000 1.0000 1.0000 1.0000 1.0000 1.0000 1.0000 1.0000 1.0000 1.0000 1.0000 1.0000 1.0000 1.0000 1.0000
50 30
0.0120
0.3854 0.6744 0.7137 0.3263 0.7899 0.9240 0.6088 0.8556 0.8241 0.4061 0.0058 0.3345 0.8227 0.5086 0.5380 0.7698 0.2162 0.9011 0.2092 0.0964 0.4643 0.0394 0.6494 0.7056 0.0342 0.5404 0.2525 0.1215 0.6063 0.6164 0.1660 0.0993 0.4699 0.7080 0.1059 0.0939 0.4192 0.5438 0.3259 0.6191 0.6686 0.1940 0.5119 0.4919 0.1578 0.6849 0.9020 0.1038 0.3517 0.6343
47 26
2.2784
0.9056 0.6483 0.2346 0.1637 0.1259 0.1305 0.6506 0.7958 0.6587 0.4923 0.3364 0.2816 0.9460 0.8156 0.3635 0.7586 0.1028 0.5550 0.6562 0.5519 0.1277 0.8489 0.8419 0.1005 0.6852 0.1370 0.4495 0.7511 0.9963 0.9770 0.4354 0.1427 0.3553 0.8278 0.1664 0.1539 0.8840 0.0239 0.6641 0.3204 0.8193 0.9917 0.1902 0.7939 0.9042 0.3084 0.0708
46 27
0.0190
0.1544 0.7972 0.9346 0.2334 0.6072 0.7841 0.2588 0.8181 0.9734 0.6758 0.7069 0.1420 0.8315 0.6077 0.3120 0.5237 0.2477 0.8079 0.4351 0.2192 0.7520 0.1700 0.7029 0.2664 0.1502 0.1669 0.6294 0.4998 0.3317 0.0690 0.8627 0.8901 0.1885 1.0000 0.0753 0.9847 0.5150 0.1700 0.3386 0.2158 0.0248 0.5006 0.2629 0.5257 0.4506 0.8480
47 25
0.0196
0.2156 0.0865 0.3751 0.2989 0.2075 0.0012 0.7747 0.5588 0.0015 0.0895 0.7440 0.4301 0.8656 0.4294 0.3334 0.4329 0.2801 0.9650 0.7056 0.3041 0.9245 0.6328 0.9105 0.8246 0.8310 0.7292 0.2275 0.6108 0.5057 0.0097 0.8786 0.5789 0.7229 0.6884 0.6215 0.2263 0.9384 0.5432 0.7860 0.6145 0.9875 0.3796 0.0987 0.6026 0.1089 0.1414 0.2434
47 30
5.6527
0.0606 0.0732 0.1715 0.5324 0.5233 0.5418 0.8470 0.0192 0.2528 0.1489 0.9419 0.4243 0.7581 0.0634 0.4870 0.5937 0.9680 0.9549 0.5645 0.1081 0.1858 0.1883 0.4474 0.6165 0.3432 0.6986 0.3485 0.4773 0.6488 0.5685 0.9887 0.9381 0.2096 0.1625 0.4522 0.0930 0.1345 0.5477 0.5860 0.8008 0.2741 0.6513 0.1168 0.6279 0.0360 0.9468 0.9244
48 44
0.0037
0.9164 0.6296 0.6751 0.1813 0.4077 0.9067 0.9568 0.0749 0.3360 0.2882 0.0113 0.0684 0.3636 0.7257 0.6228 0.7573 0.9482 0.1690 0.9229 0.2709 0.6009 0.7550 0.6229 0.5933 0.5137 0.0210 0.6330 0.6132 0.6824 0.4677 0.5872 0.9798 0.1384 0.5987 0.9086 0.3929 0.0913 0.1794 0.2584 0.6996 0.2267 0.7777 0.3763 0.0023 0.4199 0.5030 0.4388 0.4101
47 45
5.1566
0.6553 0.8416 0.6760 0.2029 0.3153 0.6451 0.7495 0.9657 0.5727 0.0740 0.1822 0.6388 0.5699 0.8443 0.5579 0.2203 0.1144 0.6596 0.1977 0.4830 0.3728 0.0207 0.7920 0.1237 0.0264 0.9843 0.6330 0.6013 0.8848 0.5991 0.4938 0.6847 0.2378 0.6705 0.4763 0.1245 0.5806 0.2282 0.9477 0.3569 0.6598 0.6692 0.2546 0.3822 0.9614 0.3136 0.3375
49 30
0.0026
0.3302 0.9784 0.6579 0.0903 0.8696 0.7523 0.8930 0.6744 0.6111 0.6283 0.5777 0.3072 0.9183 0.8056 0.0701 0.7362 0.9354 0.1878 0.0351 0.8305 0.0658 0.7182 0.8104 0.2578 0.8088 0.7677 0.1358 0.5626 0.7718 0.4517 0.1757 0.4615 0.0740 0.3383 0.4216 0.5908 0.3138 0.4085 0.9441 0.4411 0.0085 0.5850 0.8026 0.5017 0.2565 0.4446 0.1462 0.1506 0.9573
47 24
0.0075
0.1264 0.8175 0.0243 0.7029 0.8464 0.4346 0.0158 0.6591 0.1027 0.7634 0.6534 0.6987 0.0600 0.7225 0.2348 0.3024 0.6375 0.1848 0.1780 0.5337 0.4955 0.3743 0.1702 0.5256 0.0280 0.8737 0.4206 0.7573 0.2872 0.8393 0.6522 0.6068 0.2173 0.7940 0.7705 0.0494 0.5203 0.5495 0.9428 0.1364 0.7102 0.3599 0.8742 0.9854 0.4224 0.1990 0.2960
46 10
0.0124
0.4867 0.3820 0.0116 0.0640 0.0245 0.7426 0.5540 0.0712 0.6062 0.6754 0.5346 0.8004 0.6652 0.2794 0.6306 0.8281 0.6540 0.2352 0.8379 0.7194 0.7484 0.7751 0.0524 0.2596 0.9191 0.0064 0.5030 0.4805 0.4194 0.5102 0.4577 0.1685 0.6242 0.2526 0.5983 0.1350 0.0975 0.6860 0.6774 0.6465 0.8330 0.3516 0.6284 0.4188 0.5140 0.1527
46 30
0.0115
0.8726 0.9042 0.7564 0.3135 0.2306 0.8708 0.0740 0.6275 0.7680 0.8070 0.3539 0.2841 0.4926 0.4834 0.0262 0.4582 0.9491 0.6039 0.1549 0.4747 0.2628 0.4049 0.8615 0.6709 0.4792 0.9696 0.5256 0.7161 0.2070 0.2099 0.2971 0.9651 0.4936 0.4388 0.6356 0.3264 0.8512 0.4962 0.9523 0.6647 0.2264 0.3484 0.2409 0.8715 0.3870 0.3940
1 1
0.5000
0.5000
49 45
15.3391
0.0268 0.8511 0.5076 0.8450 0.9412 0.4151 0.5600 0.6893 0.2144 0.9752 0.5717 0.6954 0.7753 0.5195 0.4314 0.4436 0.2966 0.6530 0.9839 0.6543 0.3529 0.7641 0.8413 0.5485 0.3842 0.6698 0.4369 0.4567 0.7320 0.2188 0.8877 0.7700 0.7014 0.2461 0.2944 0.7055 0.8790 0.9777 0.9918 0.6811 0.0061 0.5469 0.2518 0.2330 0.8108 0.8357 0.5427 0.5217 0.5917
46 36
11.7283
0.1496 0.6577 0.6920 0.7273 0.5545 0.9496 0.4570 0.7829 0.3243 0.3677 0.9589 0.2820 0.9348 0.5052 0.2441 0.4465 0.7182 0.3015 0.0993 0.4316 0.4757 0.9264 0.3792 0.1586 0.1876 0.1551 0.0419 0.0909 0.4813 0.5667 0.9191 0.5417 0.6663 0.2159 0.9918 0.0030 0.8886 0.7658 0.4590 0.4320 0.0260 0.5580 0.8489 0.2954 0.1922 0.3200
47 29
0.0111
0.6957 0.9733 0.3491 0.4014 0.6559 0.6349 0.3119 0.8746 0.2118 0.4675 0.6048 0.1366 0.9462 0.6330 0.2458 0.4899 0.1646 0.2009 0.8356 0.4551 0.7810 0.1326 0.6109 0.7244 0.2034 0.2154 0.4936 0.3944 0.1599 0.1065 0.0464 0.1318 0.9589 0.6921 0.0201 0.2397 0.6257 0.3417 0.0779 0.2606 0.9388 0.4986 0.4729 0.2307 0.3440 0.0522 0.4057
45 45
13.4213
0.5338 0.0228 0.1808 0.7432 0.7522 0.3920 0.9185 0.5396 0.0213 0.4891 0.1348 0.4282 0.7516 0.3876 0.2724 0.8008 0.8060 0.4046 0.2521 0.6569 0.8915 0.7034 0.1714 0.5241 0.5764 0.1500 0.6955 0.9934 0.0357 0.7357 0.0233 0.4407 0.4437 0.1196 0.3296 0.6832 0.2324 0.7247 0.9025 0.3591 0.4911 0.8341 0.0460 0.6513 0.2556
50 38
14.6289
0.4416 0.7728 0.9760 0.1531 0.0375 0.6243 0.1200 0.9109 0.3710 0.1789 0.0329 0.1915 0.3882 0.9526 0.7123 0.2347 0.8457 0.5520 0.1513 0.0835 0.5577 0.6508 0.4545 0.6987 0.6743 0.1479 0.8598 0.6719 0.8490 0.7268 0.1827 0.2523 0.1453 0.1991 0.5877 0.0181 0.1129 0.5487 0.0589 0.8703 0.3523 0.5024 0.8786 0.2961 0.8782 0.0558 0.8080 0.7474 0.8011 0.9271
48 24
0.0049
0.0706 0.4331 0.6300 0.5413 0.1165 0.7024 0.0352 0.8599 0.3109 0.2929 0.5525 0.2606 0.4411 0.2611 0.5632 0.6757 0.6130 0.3228 0.2489 0.1267 0.2246 0.1257 0.5135 0.4809 0.3864 0.6485 0.9048 0.8057 0.7528 0.5735 0.6750 0.4230 0.0716 0.8957 0.5839 0.2157 0.2167 0.3337 0.4782 0.0420 0.5027 0.3076 0.6336 0.3704 0.7304 0.5441 0.9781 0.8699
45 39
10.7534
0.0695 0.9598 0.4711 0.2558 0.3627 0.3659 0.7741 0.7827 0.2372 0.4876 0.6450 0.7517 0.6031 0.2551 0.3231 0.1870 0.1645 0.0912 0.5307 0.1010 0.4242 0.2288 0.1427 0.7175 0.8022 0.1533 0.5979 0.9897 0.6937 0.8102 0.9867 0.5866 0.9886 0.0997 0.9495 0.1863 0.4591 0.3540 0.8496 0.3693 0.5840 0.7040 0.8620 0.5097 0.0573
46 46
13.9507
0.9838 0.3408 0.2290 0.4771 0.5939 0.3814 0.0542 0.9218 0.0307 0.3752 0.5889 0.3082 0.5686 0.9843 0.6291 0.7001 0.3371 0.3647 0.3245 0.2108 0.2178 0.7083 0.6178 0.3910 0.6629 0.7999 0.7422 0.2939 0.4515 0.0384 0.6791 0.7298 0.5547 0.7953 0.9296 0.1121 0.9257 0.9903 0.0808 0.7706 0.2468 0.9892 0.8477 0.5753 0.8267 0.1407
50 25
1.0000
0.3333 0.3333 0.3333 0.3333 0.3333 0.3333 0.3333 0.3333 0.3333 0.3333 0.3333 0.3333 0.3333 0.3333 0.3333 0.3333 0.3333 0.3333 0.3333 0.3333 0.3333 0.3333 0.3333 0.3333 0.3333 0.3333 0.3333 0.3333 0.3333 0.3333 0.3333 0.3333 0.3333 0.3333 0.3333 0.3333 0.3333 0.3333 0.3333 0.3333 0.3333 0.3333 0.3333 0.3333 0.3333 0.3333 0.3333 0.3333 0.3333 0.3333
45 31
0.0025
0.8275 0.2847 0.4486 0.1577 0.3404 0.5537 0.1290 0.4424 0.8217 0.0085 0.2302 0.1337 0.3565 0.0047 0.2440 0.0033 0.8869 0.3644 0.9356 0.7059 0.5666 0.4745 0.6781 0.2606 0.1446 0.7207 0.1810 0.5892 0.3131 0.2488 0.4904 0.4729 0.9837 0.6166 0.9932 0.6854 0.4460 0.9717 0.9474 0.4319 0.2094 0.1204 0.1854 0.6220 0.1706
45 37
0.0160
0.3529 0.0496 0.8630 0.2670 0.4354 0.2313 0.2024 0.3354 0.1917 0.9567 0.8163 0.6308 0.2989 0.1005 0.5287 0.7404 0.5513 0.5135 0.4879 0.4084 0.5568 0.7295 0.9253 0.0980 0.1149 0.0005 0.5890 0.0146 0.7195 0.0509 0.4095 0.3050 0.5345 0.9260 0.6323 0.0839 0.6211 0.7174 0.9636 0.1076 0.7493 0.1158 0.9380 0.2718 0.2675
50 25
0.6901
0.0863 0.5983 0.3483 0.1842 0.8871 0.3337 0.5160 0.6986 0.9438 0.0539 0.6598 0.2665 0.7255 0.0507 0.7744 0.8733 0.6759 0.8764 0.3512 0.7951 0.5154 0.5109 0.1090 0.2443 0.7287 0.2683 0.2187 0.0857 0.7417 0.3158 0.8091 0.6196 0.9641 0.1761 0.3303 0.6915 0.2108 0.8928 0.2791 0.0932 0.8265 0.7742 0.0770 0.9318 0.1224 0.1546 0.7205 0.3724 0.2215 0.9926
50 50
33.3350
0.3333 0.3333 0.3333 0.3333 0.3333 0.3333 0.3333 0.3333 0.3333 0.3333 0.3333 0.3333 0.3333 0.3333 0.3333 0.3333 0.3333 0.3333 0.3333 0.3333 0.3333 0.3333 0.3333 0.3333 0.3333 0.3333 0.3333 0.3333 0.3333 0.3333 0.3333 0.3333 0.3333 0.3333 0.3333 0.3333 0.3333 0.3333 0.3333 0.3333 0.3333 0.3333 0.3333 0.3333 0.3333 0.3333 0.3333 0.3333 0.3333 0.3333
48 40
0.0042
0.9789 0.8112 0.1345 0.5917 0.0777 0.0902 0.0768 0.5407 0.9427 0.4526 0.9713 0.5479 0.1282 0.5099 0.4851 0.8605 0.5005 0.3488 0.9490 0.5005 0.5146 0.7282 0.5589 0.7119 0.6564 0.8804 0.0305 0.9438 0.5352 0.7066 0.1084 0.5456 0.5139 0.6036 0.6351 0.2647 0.5759 0.5507 0.7066 0.7900 0.2605 0.6481 0.5309 0.1380 0.8703 0.0093 0.2957 0.8592
50 50
0.0000
1.0000 1.0000 1.0000 1.0000 1.0000 1.0000 1.0000 1.0000 1.0000 1.0000 1.0000 1.0000 1.0000 1.0000 1.0000 1.0000 1.0000 1.0000 1.0000 1.0000 1.0000 1.0000 1.0000 1.0000 1.0000 1.0000 1.0000 1.0000 1.0000 1.0000 1.0000 1.0000 1.0000 1.0000 1.0000 1.0000 1.0000 1.0000 1.0000 1.0000 1.0000 1.0000 1.0000 1.0000 1.0000 1.0000 1.0000 1.0000 1.0000 1.0000
45 25
3.5904
0.3028 0.4654 0.5221 0.7122 0.3252 0.9111 0.9563 0.4568 0.7398 0.1847 0.2414 0.1824 0.8465 0.8945 0.1720 0.7715 0.3233 0.1272 0.3308 0.2692 0.3880 0.2361 0.5127 0.7976 0.4244 0.6942 0.3085 0.5679 0.8268 0.3448 0.6697 0.4972 0.4520 0.8075 0.4820 0.4031 0.5776 0.3892 0.3324 0.1036 0.4581 0.3655 0.4465 0.1018 0.7248
46 7
0.0180
0.8618 0.6685 0.9100 0.8877 0.2675 0.4104 0.8049 0.9303 0.4422 0.5333 0.2589 0.7894 0.5157 0.1348 0.8674 0.4248 0.5857 0.7895 0.2206 0.4620 0.1021 0.1296 0.3550 0.2659 0.9470 0.0714 0.1820 0.2258 0.9242 0.7208 0.3372 0.4379 0.6756 0.2351 0.7047 0.1599 0.3206 0.0416 0.6343 0.1841 0.0486 0.0053 0.8818 0.2173 0.7100 0.1970
